0.7022	1.0003	1.0
0.7026	0.9907	1.0
0.7134	1.0080	1.0
0.7138	0.9917	1.0
0.7438	1.0093	1.0
0.7451	0.9945	1.0
0.7504	0.9949	1.0
0.7506	0.9904	1.0
0.7521	0.9779	1.0
0.7650	0.9930	1.0
0.7663	0.9943	1.0
0.7772	0.9981	1.0
0.7788	0.9982	1.0
0.7830	0.9908	1.0
0.7844	0.9911	1.0
0.8052	1.0025	1.0
0.8056	0.9998	1.0
0.8190	0.9821	1.0
0.8208	1.0019	1.0
0.8385	0.9968	1.0
0.8389	1.0034	1.0
0.8499	0.9980	1.0
0.8512	0.9867	1.0
0.8641	0.9989	1.0
0.8755	0.9884	1.0
0.8759	0.9871	1.0
0.8904	0.9700	1.0
0.8908	0.9839	1.0
0.8972	0.9971	1.0
0.8984	0.9940	1.0
0.8986	0.9941	1.0
0.9183	1.0006	1.0
0.9187	0.9978	1.0
0.9203	0.9755	1.0
0.9206	0.9980	1.0
0.9394	0.9947	1.0
0.9406	0.9894	1.0
0.9634	0.9881	1.0
0.9639	0.9937	1.0
0.9655	0.9855	1.0
0.9660	0.9892	1.0
0.9680	0.9906	1.0
0.9685	0.9848	1.0
0.9701	0.9941	1.0
0.9706	0.9880	1.0
0.9721	0.9912	1.0
0.9726	0.9875	1.0
0.9742	0.9640	1.0
0.9746	0.9536	1.0
0.9762	0.9359	1.0
0.9767	0.9303	1.0
0.9782	0.8932	1.0
0.9787	0.8801	1.0
0.9803	0.8504	1.0
0.9808	0.8428	1.0
0.9823	0.8096	1.0
0.9828	0.8020	1.0
0.9845	0.7529	1.0
0.9850	0.7435	1.0
0.9865	0.6920	1.0
0.9871	0.6833	1.0
0.9880	0.6533	1.0
0.9891	0.6222	1.0
0.9901	0.6019	1.0
0.9909	0.5763	1.0
0.9920	0.5382	1.0
0.9931	0.5091	1.0
0.9941	0.4699	1.0
0.9950	0.4543	1.0
0.9960	0.4247	1.0
0.9970	0.4087	1.0
0.9981	0.3912	1.0
0.9990	0.3876	1.0
1.0000	0.3902	1.0
1.0010	0.3811	1.0
1.0020	0.3960	1.0
1.0027	0.3990	1.0
1.0042	0.4311	1.0
1.0047	0.4436	1.0
1.0062	0.4819	1.0
1.0067	0.5020	1.0
1.0083	0.5456	1.0
1.0089	0.5579	1.0
1.0103	0.6036	1.0
1.0109	0.6171	1.0
1.0123	0.6545	1.0
1.0129	0.6755	1.0
1.0144	0.7220	1.0
1.0150	0.7339	1.0
1.0163	0.7756	1.0
1.0170	0.7885	1.0
1.0190	0.8401	1.0
1.0201	0.8859	1.0
1.0212	0.8931	1.0
1.0217	0.9005	1.0
1.0231	0.9211	1.0
1.0241	0.9373	1.0
1.0251	0.9569	1.0
1.0258	0.9604	1.0
1.0272	0.9743	1.0
1.0277	0.9845	1.0
1.0290	1.0000	1.0
1.0301	0.9954	1.0
1.0314	0.9977	1.0
1.0320	0.9943	1.0
1.0335	0.9893	1.0
1.0340	0.9999	1.0
1.0360	0.9935	1.0
1.0380	0.9935	1.0
1.0385	0.9827	1.0
1.0401	0.9774	1.0
1.0406	0.9964	1.0
1.0421	1.0011	1.0
1.0427	1.0043	1.0
1.0442	1.0017	1.0
1.0448	0.9850	1.0
1.0465	1.0004	1.0
1.0469	1.0057	1.0
1.0485	1.0054	1.0
1.0489	1.0032	1.0
1.0523	1.0206	1.0
1.0527	1.0051	1.0
1.0624	1.0067	1.0
1.0628	0.9981	1.0
1.0723	0.9904	1.0
1.0727	0.9951	1.0
1.0745	1.0032	1.0
1.0747	0.9894	1.0
1.0763	0.9854	1.0
1.0766	0.9864	1.0
1.0893	0.9988	1.0
1.0898	0.9943	1.0
1.1052	1.0014	1.0
1.1057	1.0084	1.0
1.1370	1.0054	1.0
1.1383	0.9938	1.0
1.1487	0.9897	1.0
1.1501	1.0025	1.0
1.1554	0.9932	1.0
1.1556	0.9971	1.0
1.1569	0.9976	1.0
1.1714	0.9952	1.0
1.1716	0.9904	1.0
1.1728	0.9925	1.0
1.1910	1.0037	1.0
1.1923	0.9971	1.0
1.2088	0.9880	1.0
1.2103	1.0025	1.0
1.2107	0.9928	1.0
1.2227	0.9926	1.0
1.2242	0.9867	1.0
1.2304	0.9953	1.0
1.2308	0.9908	1.0
1.2443	1.0054	1.0
1.2447	0.9935	1.0
1.2604	0.9944	1.0
1.2608	1.0006	1.0
1.2702	0.9976	1.0
1.2706	0.9903	1.0
1.2903	0.9955	1.0
1.2911	0.9953	1.0
1.2920	0.9832	1.0
1.2927	0.9883	1.0
1.3149	0.9882	1.0
1.3282	0.9928	1.0
1.3287	0.9910	1.0
1.3381	0.9918	1.0
1.3574	1.0022	1.0
1.3587	1.0080	1.0
1.3748	0.9987	1.0
1.3762	1.0036	1.0
1.3967	0.9929	1.0
1.3981	0.9925	1.0
1.4092	1.0045	1.0
1.4096	1.0028	1.0
1.4183	1.0065	1.0
1.4187	1.0006	1.0
1.4341	1.0140	1.0
1.4346	1.0124	1.0
1.4481	1.0201	1.0
1.4503	1.0005	1.0
1.4506	1.0042	1.0
1.4605	1.0096	1.0
1.4610	0.9994	1.0
1.4624	1.0014	1.0
1.4629	0.9981	1.0
1.4644	0.9936	1.0
1.4651	1.0059	1.0
1.4671	1.0027	1.0
1.4676	0.9989	1.0
1.4691	1.0064	1.0
1.4697	0.9992	1.0
1.4712	0.9957	1.0
1.4718	0.9902	1.0
1.4734	0.9914	1.0
1.4740	0.9930	1.0
1.4760	0.9826	1.0
1.4775	0.9669	1.0
1.4781	0.9787	1.0
1.4787	0.9650	1.0
1.4801	0.9612	1.0
1.4807	0.9545	1.0
1.4822	0.9421	1.0
1.4828	0.9328	1.0
1.4842	0.9272	1.0
1.4848	0.9238	1.0
1.4861	0.9073	1.0
1.4866	0.9095	1.0
1.4881	0.8866	1.0
1.4886	0.8785	1.0
1.4900	0.8701	1.0
1.4909	0.8703	1.0
1.4931	0.8497	1.0
1.4937	0.8520	1.0
1.4952	0.8432	1.0
1.4958	0.8302	1.0
1.4975	0.8181	1.0
1.4980	0.8311	1.0
1.5001	0.8277	1.0
1.5006	0.8278	1.0
1.5021	0.8223	1.0
1.5027	0.8261	1.0
1.5044	0.8363	1.0
1.5049	0.8391	1.0
1.5072	0.8510	1.0
1.5078	0.8577	1.0
1.5100	0.8715	1.0
1.5111	0.8745	1.0
1.5134	0.9072	1.0
1.5139	0.9028	1.0
1.5147	0.9151	1.0
1.5171	0.9379	1.0
1.5177	0.9444	1.0
1.5212	0.9690	1.0
1.5220	0.9756	1.0
1.5231	0.9800	1.0
1.5240	0.9862	1.0
1.5251	0.9896	1.0
1.5257	0.9915	1.0
1.5273	0.9942	1.0
1.5279	0.9993	1.0
1.5295	0.9856	1.0
1.5301	0.9995	1.0
1.5306	1.0049	1.0
1.5322	0.9984	1.0
1.5329	0.9933	1.0
1.5341	1.0045	1.0
1.5349	0.9994	1.0
1.5363	1.0036	1.0
1.5370	0.9958	1.0
1.5377	0.9974	1.0
1.5393	0.9844	1.0
1.5398	0.9945	1.0
1.5414	0.9975	1.0
1.5419	0.9962	1.0
1.5440	0.9811	1.0
1.5445	0.9855	1.0
1.5462	1.0021	1.0
1.5467	1.0127	1.0
1.5613	0.9953	1.0
1.5619	1.0041	1.0
1.5740	1.0128	1.0
1.5754	1.0090	1.0
1.5938	1.0035	1.0
1.5953	1.0003	1.0
1.6111	1.0042	1.0
1.6125	0.9812	1.0
1.6127	0.9963	1.0
1.6139	1.0162	1.0
1.6154	0.9936	1.0
1.6156	0.9985	1.0
1.6749	0.9960	1.0
