0.7206	0.9824	1
0.7218	0.9880	1
0.7229	0.9705	1
0.7235	0.9964	1
0.7247	0.9929	1
0.7259	0.9928	1
0.7263	0.9798	1
0.7270	0.9959	1
0.7275	0.9745	1
0.7286	0.9953	1
0.7288	1.0137	1
0.7298	0.9932	1
0.7299	0.9997	1
0.7311	0.9948	1
0.7319	0.9836	1
0.7323	1.0067	1
0.7330	0.9903	1
0.7334	0.9960	1
0.7342	0.9980	1
0.7346	0.9915	1
0.7426	0.9788	1
0.7438	0.9930	1
0.7449	0.9990	1
0.7459	0.9973	1
0.7468	0.9982	1
0.7470	0.9880	1
0.7470	1.0000	1
0.7480	0.9881	1
0.7481	0.9977	1
0.7482	0.9943	1
0.7492	1.0004	1
0.7493	0.9978	1
0.7494	1.0025	1
0.7503	0.9931	1
0.7505	1.0023	1
0.7514	0.9877	1
0.7515	0.9867	1
0.7526	0.9907	1
0.7526	1.0032	1
0.7536	0.9840	1
0.7537	0.9854	1
0.7538	0.9917	1
0.7547	0.9882	1
0.7549	0.9853	1
0.7559	0.9850	1
0.7561	0.9862	1
0.7570	0.9967	1
0.7572	1.0016	1
0.7582	0.9749	1
0.7666	1.0050	1
0.7678	0.9788	1
0.7689	0.9893	1
0.7691	0.9835	1
0.7703	0.9911	1
0.7714	0.9839	1
0.7714	0.9826	1
0.7715	0.9887	1
0.7725	0.9995	1
0.7726	0.9854	1
0.7727	0.9899	1
0.7737	0.9674	1
0.7737	0.9797	1
0.7739	0.9873	1
0.7748	0.9793	1
0.7757	0.9827	1
0.7759	0.9873	1
0.7760	0.9845	1
0.7768	0.9820	1
0.7771	0.9814	1
0.7780	0.9691	1
0.7782	0.9788	1
0.7787	0.9854	1
0.7794	0.9767	1
0.7798	0.9835	1
0.7810	0.9677	1
0.7822	1.0007	1
0.7833	0.9832	1
0.7924	0.9847	1
0.7936	0.9718	1
0.7939	0.9736	1
0.7947	0.9790	1
0.7950	0.9705	1
0.7962	0.9654	1
0.7967	0.9575	1
0.7972	0.9693	1
0.7973	0.9538	1
0.7978	0.9709	1
0.7983	0.9730	1
0.7985	0.9754	1
0.7990	0.9663	1
0.7995	0.9773	1
0.7997	0.9659	1
0.8002	0.9715	1
0.8013	0.9613	1
0.8017	0.9668	1
0.8019	0.9730	1
0.8029	0.9588	1
0.8031	0.9596	1
0.8031	0.9416	1
0.8040	0.9767	1
0.8042	0.9633	1
0.8043	0.9541	1
0.8054	0.9481	1
0.8054	0.9501	1
0.8066	0.9456	1
0.8078	0.9393	1
0.8157	0.9622	1
0.8169	0.9738	1
0.8180	0.9579	1
0.8195	0.9407	1
0.8199	0.9522	1
0.8206	0.9358	1
0.8211	0.9518	1
0.8212	0.9500	1
0.8218	0.9406	1
0.8222	0.9325	1
0.8223	0.9442	1
0.8229	0.9307	1
0.8235	0.9546	1
0.8246	0.9378	1
0.8246	0.9466	1
0.8249	0.9257	1
0.8258	0.9477	1
0.8258	0.9475	1
0.8261	0.9397	1
0.8269	0.9530	1
0.8272	0.9318	1
0.8284	0.9280	1
0.8289	0.9391	1
0.8295	0.9259	1
0.8301	0.9319	1
0.8307	0.9366	1
0.8313	0.9477	1
0.8318	0.9378	1
0.8324	0.9191	1
0.8382	0.9228	1
0.8393	0.9312	1
0.8405	0.9171	1
0.8424	0.9382	1
0.8435	0.9342	1
0.8447	0.9389	1
0.8466	0.9244	1
0.8469	0.9224	1
0.8477	0.9283	1
0.8481	0.9279	1
0.8489	0.9422	1
0.8491	0.9206	1
0.8493	0.9088	1
0.8503	0.9280	1
0.8504	0.9188	1
0.8524	0.9096	1
0.8526	0.9029	1
0.8536	0.9158	1
0.8548	0.9174	1
0.8559	0.9076	1
0.8560	0.8991	1
0.8571	0.9084	1
0.8594	0.8959	1
0.8634	0.9121	1
0.8646	0.9104	1
0.8657	0.9043	1
0.8677	0.9098	1
0.8689	0.9035	1
0.8690	0.8877	1
0.8701	0.8985	1
0.8701	0.8870	1
0.8713	0.8968	1
0.8722	0.8934	1
0.8724	0.8886	1
0.8733	0.9048	1
0.8745	0.8888	1
0.8760	0.8809	1
0.8771	0.8794	1
0.8783	0.8823	1
0.8812	0.8831	1
0.8859	0.8741	1
0.8860	0.8712	1
0.8870	0.8788	1
0.8871	0.8673	1
0.8882	0.8792	1
0.8900	0.8850	1
0.8912	0.8749	1
0.8924	0.8692	1
0.8949	0.8708	1
0.8961	0.8747	1
0.8973	0.8669	1
0.8996	0.8477	1
0.9008	0.8292	1
0.9019	0.8397	1
0.9031	0.8343	1
0.9099	0.8471	1
0.9110	0.8398	1
0.9122	0.8244	1
0.9143	0.8226	1
0.9154	0.8180	1
0.9166	0.8231	1
0.9185	0.8210	1
0.9197	0.8222	1
0.9208	0.8324	1
0.9209	0.8104	1
0.9220	0.8056	1
0.9232	0.8025	1
0.9243	0.8147	1
0.9255	0.7981	1
0.9273	0.8073	1
0.9284	0.8021	1
0.9296	0.8027	1
0.9308	0.7925	1
0.9319	0.7985	1
0.9332	0.7969	1
0.9343	0.7923	1
0.9355	0.7862	1
0.9374	0.7821	1
0.9386	0.7830	1
0.9397	0.7757	1
0.9418	0.7827	1
0.9430	0.7716	1
0.9432	0.7687	1
0.9441	0.7723	1
0.9443	0.7663	1
0.9455	0.7714	1
0.9466	0.7662	1
0.9478	0.7712	1
0.9499	0.7600	1
0.9510	0.7555	1
0.9522	0.7739	1
0.9533	0.7691	1
0.9545	0.7567	1
0.9577	0.7477	1
0.9588	0.7480	1
0.9600	0.7393	1
0.9627	0.7416	1
0.9638	0.7347	1
0.9650	0.7313	1
0.9660	0.7328	1
0.9661	0.7357	1
0.9672	0.7378	1
0.9673	0.7264	1
0.9683	0.7328	1
0.9684	0.7273	1
0.9695	0.7387	1
0.9706	0.7373	1
0.9726	0.7341	1
0.9737	0.7306	1
0.9749	0.7241	1
0.9760	0.7298	1
0.9772	0.7159	1
0.9800	0.7220	1
0.9812	0.7179	1
0.9824	0.7309	1
0.9835	0.7332	1
0.9847	0.7233	1
0.9858	0.7203	1
0.9881	0.7127	1
0.9887	0.7239	1
0.9892	0.7244	1
0.9899	0.7082	1
0.9904	0.7159	1
0.9910	0.7170	1
0.9915	0.7250	1
0.9922	0.7273	1
0.9927	0.7211	1
0.9934	0.7166	1
0.9939	0.7201	1
0.9953	0.7218	1
0.9957	0.7268	1
0.9965	0.7301	1
0.9968	0.7205	1
0.9976	0.7217	1
0.9980	0.7252	1
0.9988	0.7171	1
0.9991	0.7320	1
1.0000	0.7226	1
1.0003	0.7268	1
1.0015	0.7214	1
1.0033	0.7278	1
1.0043	0.7226	1
1.0044	0.7221	1
1.0054	0.7303	1
1.0056	0.7213	1
1.0066	0.7266	1
1.0067	0.7236	1
1.0078	0.7272	1
1.0079	0.7203	1
1.0089	0.7242	1
1.0090	0.7165	1
1.0102	0.7279	1
1.0106	0.7281	1
1.0118	0.7176	1
1.0129	0.7169	1
1.0141	0.7376	1
1.0153	0.7277	1
1.0251	0.7336	1
1.0263	0.7333	1
1.0274	0.7244	1
1.0286	0.7320	1
1.0286	0.7444	1
1.0297	0.7455	1
1.0298	0.7440	1
1.0309	0.7493	1
1.0309	0.7516	1
1.0321	0.7407	1
1.0321	0.7526	1
1.0332	0.7425	1
1.0333	0.7449	1
1.0353	0.7577	1
1.0364	0.7550	1
1.0364	0.7584	1
1.0376	0.7620	1
1.0376	0.7588	1
1.0387	0.7534	1
1.0387	0.7562	1
1.0399	0.7593	1
1.0399	0.7681	1
1.0411	0.7761	1
1.0422	0.7649	1
1.0515	0.7833	1
1.0526	0.7820	1
1.0538	0.7789	1
1.0549	0.7830	1
1.0557	0.7981	1
1.0561	0.7894	1
1.0569	0.7952	1
1.0580	0.8053	1
1.0582	0.8066	1
1.0592	0.7970	1
1.0594	0.7940	1
1.0603	0.8025	1
1.0605	0.8091	1
1.0615	0.8002	1
1.0617	0.8034	1
1.0626	0.8153	1
1.0628	0.7993	1
1.0638	0.8081	1
1.0755	0.8317	1
1.0766	0.8337	1
1.0776	0.8407	1
1.0778	0.8369	1
1.0787	0.8305	1
1.0789	0.8302	1
1.0799	0.8387	1
1.0801	0.8342	1
1.0810	0.8445	1
1.0820	0.8471	1
1.0822	0.8493	1
1.0832	0.8321	1
1.0834	0.8564	1
1.0843	0.8383	1
1.0845	0.8407	1
1.0855	0.8471	1
1.0857	0.8460	1
1.0867	0.8467	1
1.0893	0.8686	1
1.0905	0.8701	1
1.0916	0.8614	1
1.1004	0.8812	1
1.1015	0.8714	1
1.1027	0.8858	1
1.1038	0.8733	1
1.1050	0.8714	1
1.1069	0.8925	1
1.1076	0.8958	1
1.1081	0.8894	1
1.1088	0.8963	1
1.1092	0.8970	1
1.1100	0.8922	1
1.1104	0.8882	1
1.1111	0.8977	1
1.1115	0.8965	1
1.1123	0.9004	1
1.1142	0.9004	1
1.1154	0.9191	1
1.1166	0.9200	1
1.1177	0.8999	1
1.1189	0.9108	1
1.1366	0.9371	1
1.1377	0.9443	1
1.1389	0.9368	1
1.1401	0.9286	1
1.1412	0.9388	1
1.1425	0.9259	1
1.1437	0.9259	1
1.1445	0.9333	1
1.1448	0.9393	1
1.1457	0.9433	1
1.1468	0.9361	1
1.1471	0.9273	1
1.1480	0.9442	1
1.1483	0.9349	1
1.1491	0.9460	1
1.1494	0.9351	1
1.1506	0.9242	1
1.1533	0.9406	1
1.1545	0.9441	1
1.1556	0.9417	1
1.1622	0.9527	1
1.1622	0.9503	1
1.1634	0.9608	1
1.1634	0.9576	1
1.1645	0.9667	1
1.1645	0.9458	1
1.1657	0.9501	1
1.1657	0.9438	1
1.1669	0.9631	1
1.1680	0.9602	1
1.1685	0.9470	1
1.1693	0.9424	1
1.1696	0.9548	1
1.1699	0.9587	1
1.1704	0.9614	1
1.1708	0.9635	1
1.1710	0.9653	1
1.1716	0.9603	1
1.1720	0.9554	1
1.1722	0.9580	1
1.1727	0.9568	1
1.1733	0.9534	1
1.1745	0.9562	1
1.1756	0.9587	1
1.1767	0.9612	1
1.1779	0.9601	1
1.1791	0.9694	1
1.1802	0.9693	1
1.1814	0.9805	1
1.1859	0.9628	1
1.1871	0.9733	1
1.1882	0.9752	1
1.1894	0.9719	1
1.1895	0.9807	1
1.1906	0.9778	1
1.1918	0.9781	1
1.1928	0.9768	1
1.1929	0.9784	1
1.1939	0.9799	1
1.1941	0.9842	1
1.1945	0.9883	1
1.1951	0.9642	1
1.1952	0.9863	1
1.1957	0.9729	1
1.1958	0.9766	1
1.1962	0.9712	1
1.1968	0.9721	1
1.1969	0.9737	1
1.1971	0.9954	1
1.1981	0.9806	1
1.1983	0.9843	1
1.1990	0.9784	1
1.1993	0.9750	1
1.1995	0.9896	1
1.2002	0.9751	1
1.2004	0.9739	1
1.2006	0.9831	1
1.2013	0.9789	1
1.2023	0.9772	1
1.2034	0.9862	1
1.2034	0.9861	1
1.2046	0.9905	1
1.2046	0.9890	1
1.2057	0.9911	1
1.2058	0.9890	1
1.2069	0.9883	1
1.2131	0.9842	1
1.2143	0.9874	1
1.2155	0.9911	1
1.2165	1.0019	1
1.2166	0.9863	1
1.2176	0.9955	1
1.2188	0.9885	1
1.2188	0.9947	1
1.2199	0.9918	1
1.2199	1.0040	1
1.2207	0.9920	1
1.2211	0.9904	1
1.2211	1.0027	1
1.2218	0.9950	1
1.2222	0.9856	1
1.2223	1.0082	1
1.2227	0.9873	1
1.2230	0.9989	1
1.2234	0.9898	1
1.2234	0.9978	1
1.2239	0.9903	1
1.2241	0.9894	1
1.2246	0.9937	1
1.2250	0.9931	1
1.2257	1.0039	1
1.2262	0.9915	1
1.2266	0.9985	1
1.2269	0.9831	1
1.2278	0.9965	1
1.2279	0.9995	1
1.2290	0.9792	1
1.2291	1.0000	1
1.2301	1.0010	1
1.2301	0.9908	1
1.2302	0.9999	1
1.2313	1.0019	1
1.2313	0.9832	1
1.2314	0.9955	1
1.2324	0.9953	1
1.2325	0.9995	1
1.2337	0.9960	1
1.2363	0.9950	1
1.2374	0.9976	1
1.2386	0.9985	1
1.2398	0.9920	1
1.2416	1.0122	1
1.2428	1.0068	1
1.2439	1.0069	1
1.2451	1.0094	1
1.2467	0.9893	1
1.2474	0.9890	1
1.2479	0.9957	1
1.2485	1.0190	1
1.2490	0.9908	1
1.2497	1.0047	1
1.2502	0.9929	1
1.2507	0.9953	1
1.2509	1.0072	1
1.2513	0.9858	1
1.2519	1.0086	1
1.2520	1.0065	1
1.2530	1.0033	1
1.2532	1.0153	1
1.2535	1.0052	1
1.2542	1.0091	1
1.2543	1.0136	1
1.2553	1.0008	1
1.2555	1.0105	1
1.2558	1.0000	1
1.2569	1.0035	1
1.2573	1.0037	1
1.2580	1.0082	1
1.2581	0.9938	1
1.2585	1.0012	1
1.2591	1.0130	1
1.2596	1.0023	1
1.2603	1.0048	1
1.2608	1.0011	1
1.2618	1.0011	1
1.2619	0.9975	1
1.2624	1.0048	1
1.2629	1.0099	1
1.2635	0.9880	1
1.2647	0.9983	1
1.2666	0.9999	1
1.2677	0.9994	1
1.2689	0.9993	1
1.2701	1.0001	1
1.2714	1.0014	1
1.2726	0.9936	1
1.2738	0.9965	1
1.2749	0.9906	1
1.2761	0.9730	1
1.2776	0.9969	1
1.2783	0.9860	1
1.2788	0.9819	1
1.2795	0.9857	1
1.2800	0.9828	1
1.2806	0.9781	1
1.2823	0.9754	1
1.2834	0.9870	1
1.2846	0.9931	1
1.2847	0.9839	1
1.2858	0.9911	1
1.2859	0.9876	1
1.2870	0.9763	1
1.2877	0.9747	1
1.2888	0.9841	1
1.2891	0.9830	1
1.2900	0.9945	1
1.2902	0.9806	1
1.2914	0.9965	1
1.2925	0.9894	1
1.2946	0.9869	1
1.2957	0.9861	1
1.2957	0.9768	1
1.2969	0.9844	1
1.2969	0.9720	1
1.2980	0.9796	1
1.2980	0.9776	1
1.3001	0.9708	1
1.3012	0.9765	1
1.3024	0.9745	1
1.3031	0.9709	1
1.3036	0.9599	1
1.3042	0.9811	1
1.3047	0.9612	1
1.3054	0.9660	1
1.3065	0.9721	1
1.3077	0.9915	1
1.3106	0.9736	1
1.3117	0.9637	1
1.3124	0.9594	1
1.3129	0.9803	1
1.3136	0.9630	1
1.3141	0.9668	1
1.3147	0.9610	1
1.3152	0.9696	1
1.3159	0.9653	1
1.3195	0.9574	1
1.3206	0.9640	1
1.3218	0.9594	1
1.3230	0.9548	1
1.3289	0.9493	1
1.3293	0.9573	1
1.3301	0.9477	1
1.3305	0.9556	1
1.3310	0.9683	1
1.3313	0.9388	1
1.3315	0.9693	1
1.3316	0.9519	1
1.3323	0.9736	1
1.3324	0.9394	1
1.3328	0.9621	1
1.3328	0.9551	1
1.3336	0.9755	1
1.3340	0.9317	1
1.3340	0.9748	1
1.3348	0.9740	1
1.3353	0.9716	1
1.3362	0.9443	1
1.3369	0.9393	1
1.3374	0.9395	1
1.3381	0.9273	1
1.3386	0.9387	1
1.3389	0.9409	1
1.3392	0.9357	1
1.3397	0.9437	1
1.3400	0.9224	1
1.3404	0.9704	1
1.3404	0.9184	1
1.3406	0.9686	1
1.3409	0.9286	1
1.3412	0.9367	1
1.3416	0.9321	1
1.3416	0.9622	1
1.3425	0.9455	1
1.3429	0.9679	1
1.3435	0.9378	1
1.3438	0.9543	1
1.3442	0.9662	1
1.3446	0.9475	1
1.3451	0.9424	1
1.3458	0.9290	1
1.3470	0.9393	1
1.3501	0.9353	1
1.3512	0.9302	1
1.3524	0.9291	1
1.3546	0.9160	1
1.3558	0.9058	1
1.3569	0.9168	1
1.3580	0.9127	1
1.3581	0.9225	1
1.3588	0.9395	1
1.3591	0.9218	1
1.3593	0.9220	1
1.3601	0.9496	1
1.3603	0.9081	1
1.3605	0.9076	1
1.3608	0.9323	1
1.3614	0.9539	1
1.3614	0.8975	1
1.3616	0.9120	1
1.3621	0.9388	1
1.3626	0.8984	1
1.3626	0.9421	1
1.3628	0.9110	1
1.3638	0.8845	1
1.3639	0.8983	1
1.3651	0.8994	1
1.3655	0.9282	1
1.3663	0.9263	1
1.3667	0.9379	1
1.3669	0.9066	1
1.3670	0.8887	1
1.3680	0.9324	1
1.3681	0.8957	1
1.3682	0.9087	1
1.3692	0.8960	1
1.3693	0.9297	1
1.3695	0.9113	1
1.3704	0.8776	1
1.3708	0.9063	1
1.3749	0.8974	1
1.3761	0.9083	1
1.3772	0.8980	1
1.3784	0.8922	1
1.3820	0.9047	1
1.3832	0.8723	1
1.3843	0.8797	1
1.3851	0.8840	1
1.3855	0.8816	1
1.3863	0.8818	1
1.3866	0.8893	1
1.3867	0.9183	1
1.3876	0.8727	1
1.3879	0.9072	1
1.3879	0.8835	1
1.3889	0.8613	1
1.3891	0.8903	1
1.3903	0.8911	1
1.3914	0.8884	1
1.3938	0.8766	1
1.3950	0.8760	1
1.3962	0.8603	1
1.3973	0.8718	1
1.3974	0.8671	1
1.3985	0.8653	1
1.3989	0.8674	1
1.3996	0.8537	1
1.3996	0.8606	1
1.4005	0.8593	1
1.4008	0.8589	1
1.4017	0.8492	1
1.4018	0.8665	1
1.4020	0.8475	1
1.4028	0.8531	1
1.4029	0.8599	1
1.4031	0.8558	1
1.4040	0.8563	1
1.4040	0.8661	1
1.4043	0.8518	1
1.4051	0.8410	1
1.4052	0.8452	1
1.4054	0.8476	1
1.4063	0.8490	1
1.4063	0.8492	1
1.4080	0.8505	1
1.4086	0.8278	1
1.4091	0.8513	1
1.4097	0.8386	1
1.4103	0.8328	1
1.4109	0.8198	1
1.4114	0.8373	1
1.4135	0.8350	1
1.4146	0.8191	1
1.4158	0.8227	1
1.4161	0.8224	1
1.4174	0.8127	1
1.4186	0.8335	1
1.4200	0.7964	1
1.4255	0.8098	1
1.4257	0.8075	1
1.4267	0.8099	1
1.4269	0.7953	1
1.4279	0.8171	1
1.4282	0.7938	1
1.4290	0.8078	1
1.4295	0.8114	1
1.4302	0.8100	1
1.4317	0.7909	1
1.4324	0.7990	1
1.4329	0.7952	1
1.4336	0.8008	1
1.4341	0.7814	1
1.4347	0.7962	1
1.4359	0.8013	1
1.4370	0.7918	1
1.4378	0.7874	1
1.4389	0.7823	1
1.4401	0.7766	1
1.4424	0.7883	1
1.4436	0.7834	1
1.4448	0.7661	1
1.4477	0.7770	1
1.4483	0.7826	1
1.4490	0.7962	1
1.4495	0.7729	1
1.4506	0.7648	1
1.4517	0.7696	1
1.4518	0.7625	1
1.4529	0.7637	1
1.4532	0.7579	1
1.4551	0.7561	1
1.4562	0.7683	1
1.4574	0.7733	1
1.4585	0.7637	1
1.4597	0.7668	1
1.4620	0.7474	1
1.4633	0.7272	1
1.4645	0.7351	1
1.4658	0.7296	1
1.4685	0.7402	1
1.4696	0.7199	1
1.4708	0.7213	1
1.4731	0.7217	1
1.4743	0.7259	1
1.4744	0.7381	1
1.4756	0.7317	1
1.4765	0.7395	1
1.4768	0.7297	1
1.4776	0.7284	1
1.4779	0.7269	1
1.4788	0.7169	1
1.4791	0.7238	1
1.4791	0.7158	1
1.4799	0.7007	1
1.4804	0.7076	1
1.4810	0.7235	1
1.4817	0.7011	1
1.4822	0.7293	1
1.4831	0.7135	1
1.4834	0.7298	1
1.4845	0.7253	1
1.4857	0.7344	1
1.4886	0.7193	1
1.4898	0.7268	1
1.4911	0.7187	1
1.4919	0.7047	1
1.4923	0.7105	1
1.4930	0.7182	1
1.4942	0.7195	1
1.4953	0.7034	1
1.4965	0.7018	1
1.4975	0.7202	1
1.4985	0.7245	1
1.4986	0.7169	1
1.4997	0.7203	1
1.4998	0.7261	1
1.5008	0.7095	1
1.5009	0.7197	1
1.5020	0.7152	1
1.5021	0.7220	1
1.5032	0.7115	1
1.5032	0.7258	1
1.5054	0.7148	1
1.5056	0.7251	1
1.5066	0.7320	1
1.5070	0.7464	1
1.5077	0.7347	1
1.5085	0.7238	1
1.5089	0.7279	1
1.5091	0.7212	1
1.5103	0.7247	1
1.5115	0.7269	1
1.5126	0.7282	1
1.5132	0.7379	1
1.5138	0.7328	1
1.5144	0.7320	1
1.5147	0.7304	1
1.5155	0.7306	1
1.5157	0.7288	1
1.5167	0.7285	1
1.5168	0.7356	1
1.5179	0.7267	1
1.5180	0.7258	1
1.5183	0.7318	1
1.5192	0.7311	1
1.5195	0.7342	1
1.5197	0.7320	1
1.5203	0.7334	1
1.5209	0.7314	1
1.5219	0.7452	1
1.5220	0.7367	1
1.5232	0.7417	1
1.5232	0.7458	1
1.5243	0.7451	1
1.5244	0.7487	1
1.5257	0.7353	1
1.5312	0.7634	1
1.5322	0.7478	1
1.5325	0.7684	1
1.5334	0.7533	1
1.5338	0.7675	1
1.5345	0.7516	1
1.5350	0.7704	1
1.5356	0.7614	1
1.5357	0.7580	1
1.5368	0.7543	1
1.5369	0.7548	1
1.5379	0.7615	1
1.5388	0.7657	1
1.5391	0.7660	1
1.5400	0.7579	1
1.5403	0.7661	1
1.5411	0.7754	1
1.5423	0.7656	1
1.5426	0.7668	1
1.5434	0.7680	1
1.5438	0.7709	1
1.5449	0.7798	1
1.5461	0.7734	1
1.5473	0.7796	1
1.5504	0.7997	1
1.5517	0.7899	1
1.5530	0.7905	1
1.5543	0.8019	1
1.5557	0.7864	1
1.5569	0.7879	1
1.5580	0.7889	1
1.5580	0.8082	1
1.5592	0.7866	1
1.5592	0.8073	1
1.5603	0.7994	1
1.5604	0.8046	1
1.5615	0.8134	1
1.5625	0.8117	1
1.5627	0.8145	1
1.5631	0.8294	1
1.5637	0.8098	1
1.5644	0.8191	1
1.5645	0.8234	1
1.5648	0.7995	1
1.5657	0.8137	1
1.5660	0.7915	1
1.5667	0.8129	1
1.5668	0.8094	1
1.5671	0.8013	1
1.5680	0.8232	1
1.5681	0.8392	1
1.5691	0.8217	1
1.5801	0.8340	1
1.5813	0.8436	1
1.5820	0.8341	1
1.5824	0.8537	1
1.5827	0.8360	1
1.5833	0.8563	1
1.5836	0.8416	1
1.5839	0.8373	1
1.5846	0.8522	1
1.5848	0.8537	1
1.5850	0.8421	1
1.5859	0.8547	1
1.5862	0.8390	1
1.5867	0.8634	1
1.5873	0.8454	1
1.5879	0.8625	1
1.5890	0.8381	1
1.5892	0.8456	1
1.5902	0.8697	1
1.5904	0.8569	1
1.5911	0.8726	1
1.5914	0.8750	1
1.5915	0.8581	1
1.5924	0.8693	1
1.5927	0.8632	1
1.5936	0.8735	1
1.5938	0.8610	1
1.5949	0.8667	1
1.6055	0.8718	1
1.6067	0.8688	1
1.6078	0.8854	1
1.6090	0.8807	1
1.6101	0.8777	1
1.6108	0.9134	1
1.6121	0.8746	1
1.6123	0.8824	1
1.6134	0.9010	1
1.6135	0.8914	1
1.6146	0.8938	1
1.6146	0.8912	1
1.6158	0.9026	1
1.6169	0.8867	1
1.6181	0.9004	1
1.6206	0.9074	1
1.6219	0.9258	1
1.6232	0.9271	1
1.6245	0.9460	1
1.6298	0.9104	1
1.6309	0.9109	1
1.6321	0.9131	1
1.6332	0.8987	1
1.6344	0.9088	1
1.6355	0.9002	1
1.6367	0.9033	1
1.6386	0.9093	1
1.6398	0.9086	1
1.6405	0.9250	1
1.6409	0.9064	1
1.6418	0.9323	1
1.6421	0.9066	1
1.6431	0.9493	1
1.6432	0.9034	1
1.6444	0.9455	1
1.6444	0.9018	1
1.6456	0.9176	1
1.6503	0.9801	1
1.6517	0.9377	1
1.6529	0.9633	1
1.6542	0.9616	1
