  -0.275293830D+02   0.534416697D+02  -0.221665423D+02   0.569184444D+01  -0.108991402D+01   0.174698519D+00  -0.269747293D-01   0.478048033D-02  -0.838424240D-03   0.840480750D-04
   0.667519905D+01   0.109641548D+02  -0.368439825D+01   0.742207891D+00  -0.105588135D+00   0.114981511D-01  -0.854969423D-03  -0.249546472D-04   0.370484430D-04  -0.625738998D-05
   0.136255664D+02   0.496567751D+01  -0.199967764D+01   0.509411333D+00  -0.824028114D-01   0.102182153D-01  -0.371799766D-03  -0.825367701D-03   0.363612596D-03  -0.533050469D-04
   0.166475060D+02   0.208912689D+01  -0.810642026D+00   0.296282628D+00  -0.718819648D-01   0.879135392D-02   0.125843110D-02  -0.900151766D-03   0.204420682D-03  -0.199341647D-04
   0.181054905D+02   0.909862280D+00  -0.113981673D+00   0.401889446D-01  -0.110215750D-01   0.255001106D-02  -0.506812506D-03   0.830417963D-04  -0.100217002D-04   0.668469359D-06
  -0.220258897D+02   0.477224893D+02  -0.217473173D+02   0.776765280D+01  -0.319093390D+01   0.142976103D+01  -0.543096871D+00   0.150560056D+00  -0.268773805D-01   0.234595465D-02
   0.796255523D+01   0.939776232D+01  -0.318233092D+01   0.643771599D+00  -0.889128948D-01   0.820159186D-02  -0.125620548D-03  -0.123577328D-03   0.441806028D-04  -0.795410451D-05
   0.139034138D+02   0.425768747D+01  -0.172676790D+01   0.469888936D+00  -0.912894933D-01   0.201606301D-01  -0.620460558D-02   0.146765751D-02  -0.165709022D-03   0.173018459D-05
   0.165157225D+02   0.184304924D+01  -0.670745208D+00   0.252608711D+00  -0.673344603D-01   0.117574980D-01  -0.637436396D-03  -0.320111871D-03   0.101142608D-03  -0.111405189D-04
   0.178393136D+02   0.874059797D+00  -0.937169773D-01   0.325615342D-01  -0.876475482D-02   0.199039885D-02  -0.390309244D-03   0.636134541D-04  -0.769426991D-05   0.517035887D-06
  -0.173686850D+02   0.408352878D+02  -0.167171593D+02   0.403235220D+01  -0.649770617D+00   0.748962533D-01  -0.973336521D-02   0.276594696D-02  -0.724793637D-03   0.892572495D-04
   0.879080255D+01   0.834172306D+01  -0.285025991D+01   0.591583868D+00  -0.886225629D-01   0.113624127D-01  -0.151497059D-02   0.317601075D-03  -0.554119631D-04   0.245773616D-05
   0.140591936D+02   0.377324029D+01  -0.152057652D+01   0.424078004D+00  -0.849622041D-01   0.197889030D-01  -0.699439158D-02   0.209462507D-02  -0.370758888D-03   0.287250100D-04
   0.163975830D+02   0.168362103D+01  -0.577046604D+00   0.220086297D+00  -0.613404647D-01   0.122525269D-01  -0.140792004D-02  -0.431183717D-04   0.471779270D-04  -0.619881806D-05
   0.176347521D+02   0.851346440D+00  -0.810091299D-01   0.278493215D-01  -0.739065221D-02   0.165270457D-02  -0.319973137D-03   0.517594751D-04  -0.624687259D-05   0.420460905D-06
  -0.128441937D+02   0.352368481D+02  -0.145607356D+02   0.357648998D+01  -0.586992323D+00   0.593559750D-01  -0.410350016D-03  -0.119518684D-02   0.237648967D-03  -0.188542363D-04
   0.967224118D+01   0.713941828D+01  -0.244440437D+01   0.511742597D+00  -0.786435724D-01   0.115635648D-01  -0.208982974D-02   0.585541794D-03  -0.144670188D-03   0.157020142D-04
   0.141914895D+02   0.323629008D+01  -0.127574243D+01   0.357368033D+00  -0.672701056D-01   0.127603366D-01  -0.450777362D-02   0.160640672D-02  -0.345750061D-03   0.336443465D-04
   0.162311878D+02   0.151457074D+01  -0.475699391D+00   0.182539640D+00  -0.525816207D-01   0.115546734D-01  -0.179269375D-02   0.144832273D-03   0.652273763D-05  -0.224126073D-05
   0.173770828D+02   0.827415474D+00  -0.677631912D-01   0.230093430D-01  -0.600170544D-02   0.131568088D-02  -0.250176430D-03   0.399708013D-04  -0.479503275D-05   0.322345935D-06
  -0.242632976D+02   0.490094414D+02  -0.201785581D+02   0.518083931D+01  -0.988724015D+00   0.141611576D+00  -0.757322035D-02  -0.414112485D-02   0.154912406D-02  -0.201732136D-03
   0.721509719D+01   0.102297079D+02  -0.338260209D+01   0.671084162D+00  -0.949695679D-01   0.101896907D-01  -0.520881765D-03  -0.124080299D-03   0.554748837D-04  -0.820379152D-05
   0.137327111D+02   0.471110323D+01  -0.187305593D+01   0.474106628D+00  -0.775319063D-01   0.114290022D-01  -0.171535197D-02  -0.235652618D-03   0.221908934D-03  -0.380883921D-04
   0.166168139D+02   0.202006435D+01  -0.767297800D+00   0.279650815D+00  -0.680088832D-01   0.856864199D-02   0.103431611D-02  -0.800593139D-03   0.183748098D-03  -0.179965891D-04
   0.180382405D+02   0.901234469D+00  -0.109003388D+00   0.382582701D-01  -0.104266905D-01   0.239514895D-02  -0.472796095D-03   0.770390632D-04  -0.925952028D-05   0.615890360D-06
  -0.151784709D+02   0.369714219D+02  -0.148613206D+02   0.369023688D+01  -0.580247589D+00   0.969722854D-02   0.328315311D-01  -0.155531344D-01   0.420051763D-02  -0.513661436D-03
   0.880753580D+01   0.809482379D+01  -0.255424125D+01   0.486080210D+00  -0.777755544D-01   0.147740192D-01  -0.253325343D-02   0.176877990D-03   0.524367273D-04  -0.128768130D-04
   0.140329899D+02   0.389574876D+01  -0.150366715D+01   0.378978879D+00  -0.618826423D-01   0.119420265D-01  -0.434248794D-02   0.120231586D-02  -0.158916736D-03   0.479200385D-05
   0.164612027D+02   0.176778278D+01  -0.619560061D+00   0.229466781D+00  -0.596006310D-01   0.984261142D-02  -0.311768955D-03  -0.348802757D-03   0.100063056D-03  -0.107060533D-04
   0.177459132D+02   0.865595019D+00  -0.888692814D-01   0.306946219D-01  -0.819046048D-02   0.183964478D-02  -0.356538080D-03   0.574799784D-04  -0.688840029D-05   0.459403102D-06
  -0.466182552D+01   0.174540318D+02   0.305516381D+01  -0.101753374D+02   0.894421547D+01  -0.553300025D+01   0.255131075D+01  -0.836225276D+00   0.175216147D+00  -0.178693900D-01
   0.990434196D+01   0.667262606D+01  -0.209760455D+01   0.355381567D+00  -0.282516734D-01  -0.906472263D-03   0.357759382D-03   0.187586610D-03  -0.912932588D-04   0.113968213D-04
   0.142066553D+02   0.319355601D+01  -0.122954342D+01   0.330125634D+00  -0.567806161D-01   0.978536510D-02  -0.377279971D-02   0.142540424D-02  -0.308115714D-03   0.294249221D-04
   0.162302827D+02   0.151824918D+01  -0.475479916D+00   0.180635828D+00  -0.510446509D-01   0.108002460D-01  -0.153102048D-02   0.801377379D-04   0.170735341D-04  -0.311691607D-05
   0.173788360D+02   0.828728852D+00  -0.684506242D-01   0.232361605D-01  -0.605638493D-02   0.132564980D-02  -0.251447025D-03   0.400421213D-04  -0.478598028D-05   0.320564670D-06
  -0.374498359D+01   0.221445716D+02  -0.842907866D+01   0.201162131D+01  -0.304812422D+00  -0.416911353D-01   0.634930176D-01  -0.294803724D-01   0.753347116D-02  -0.880972167D-03
   0.108797033D+02   0.520218855D+01  -0.159737689D+01   0.282137068D+00  -0.337620205D-01   0.476285364D-02  -0.691345275D-03   0.819639991D-04  -0.253022339D-04   0.469297787D-05
   0.142825984D+02   0.257945550D+01  -0.926214265D+00   0.239540817D+00  -0.342043618D-01   0.215402089D-02  -0.752774539D-03   0.546542041D-03  -0.156718955D-03   0.177683196D-04
   0.159721886D+02   0.134156467D+01  -0.366352017D+00   0.136892286D+00  -0.384877315D-01   0.834716136D-02  -0.131146331D-02   0.118119109D-03   0.936639051D-06  -0.118952617D-05
   0.170260365D+02   0.804237278D+00  -0.550189133D-01   0.183896728D-01  -0.468400158D-02   0.995799687D-03  -0.183263861D-03   0.284517736D-04  -0.334029511D-05   0.221267189D-06
  -0.448493909D+00   0.179864169D+02  -0.675586652D+01   0.157895846D+01  -0.250258112D+00  -0.189769691D-01   0.383535354D-01  -0.158783675D-01   0.338436659D-02  -0.322188003D-03
   0.114577304D+02   0.423786007D+01  -0.131670423D+01   0.229709703D+00  -0.186723831D-01  -0.188648324D-03   0.633991947D-03  -0.292940779D-03   0.595469472D-04  -0.386144830D-05
   0.142360236D+02   0.210356100D+01  -0.723850953D+00   0.196233161D+00  -0.282516519D-01  -0.925756229D-03   0.141261023D-02  -0.280682585D-03   0.150750592D-04   0.170764751D-05
   0.156567192D+02   0.118223454D+01  -0.272564218D+00   0.101595892D+00  -0.291769839D-01   0.679172309D-02  -0.126526752D-02   0.176608350D-03  -0.160040341D-04   0.652700242D-06
   0.166236562D+02   0.780037102D+00  -0.420151333D-01   0.138468888D-01  -0.345317498D-02   0.714612667D-03  -0.127924486D-03   0.194267412D-04  -0.225044729D-05   0.148228075D-06
   0.290392828D+01   0.138661934D+02  -0.539552106D+01   0.124135109D+01  -0.159213622D+00  -0.215454206D-01   0.211310711D-01  -0.603308234D-02   0.780227542D-03  -0.247269560D-04
   0.119629978D+02   0.309572210D+01  -0.980175433D+00   0.195080347D+00  -0.222167716D-01   0.255348454D-02  -0.692690584D-03   0.882921184D-04   0.171293854D-04  -0.468025322D-05
   0.140160033D+02   0.158805712D+01  -0.489910671D+00   0.143001882D+00  -0.261304679D-01   0.149082452D-02   0.808899059D-03  -0.306826126D-03   0.529436628D-04  -0.412669649D-05
   0.151496093D+02   0.102122734D+01  -0.177379878D+00   0.644397667D-01  -0.182034303D-01   0.428123332D-02  -0.843117207D-03   0.132751385D-03  -0.149641791D-04   0.911419224D-06
   0.160286080D+02   0.755114747D+00  -0.288131309D-01   0.933605442D-02  -0.226621221D-02   0.451707143D-03  -0.774382044D-04   0.112986636D-04  -0.127042165D-05   0.821403899D-07
   0.659347665D+01   0.849747258D+01  -0.342773988D+01   0.865891039D+00  -0.177352329D+00   0.408259571D-01  -0.970461684D-02   0.222373526D-02  -0.490242031D-03   0.625112498D-04
   0.121077101D+02   0.186354112D+01  -0.559362281D+00   0.128920692D+00  -0.168711151D-01   0.661824121D-03   0.185484860D-04   0.715078642D-04  -0.263802734D-04   0.314584591D-05
   0.134050579D+02   0.108591654D+01  -0.248815438D+00   0.768171359D-01  -0.177163756D-01   0.306537135D-02  -0.343583541D-03   0.686635232D-05   0.513432943D-05  -0.704054528D-06
   0.142607086D+02   0.869320540D+00  -0.902558939D-01   0.312493972D-01  -0.835877234D-02   0.188136520D-02  -0.365130073D-03   0.588973524D-04  -0.705694894D-05   0.470319409D-06
   0.150557412D+02   0.730049014D+00  -0.157761695D-01   0.501562959D-02  -0.117928542D-02   0.224030338D-03  -0.361045558D-04   0.493666230D-05  -0.525290903D-06   0.326613197D-07
   0.818011145D+01   0.557193032D+01  -0.221701712D+01   0.521448030D+00  -0.617902632D-01  -0.257213671D-02   0.524220769D-02  -0.263995254D-02   0.718194786D-03  -0.835290664D-04
   0.118309805D+02   0.128315046D+01  -0.334143283D+00   0.840689887D-01  -0.137367717D-01   0.957215095D-03   0.203051964D-03  -0.776469540D-04   0.117529802D-04  -0.773758270D-06
   0.127825830D+02   0.869975138D+00  -0.142160218D+00   0.429822258D-01  -0.100931547D-01   0.195636992D-02  -0.310742417D-03   0.379327169D-04  -0.308885948D-05   0.117346858D-06
   0.135185325D+02   0.803599572D+00  -0.540010315D-01   0.180880397D-01  -0.461955256D-02   0.985723324D-03  -0.182322384D-03   0.284809649D-04  -0.336610498D-05   0.224420846D-06
   0.142767446D+02   0.718484709D+00  -0.984925809D-02   0.310145101D-02  -0.717080518D-03   0.132585726D-03  -0.205641678D-04   0.268755580D-05  -0.273881090D-06   0.164606866D-07
   0.883240736D+01   0.390550467D+01  -0.154172375D+01   0.403121306D+00  -0.704339062D-01   0.153248110D-01  -0.600767383D-02   0.182409181D-02  -0.295057642D-03   0.181712716D-04
   0.114357447D+02   0.988996874D+00  -0.211533599D+00   0.543294860D-01  -0.100040968D-01   0.121337149D-02  -0.337677342D-04  -0.233302656D-04   0.543290193D-05  -0.480311300D-06
   0.122140318D+02   0.764851197D+00  -0.911567302D-01   0.266121431D-01  -0.604666210D-02   0.115823633D-02  -0.189801381D-03   0.255156901D-04  -0.252192261D-05   0.138220502D-06
   0.128911865D+02   0.770432014D+00  -0.361748539D-01   0.118601006D-01  -0.293054537D-02   0.598497017D-03  -0.105541023D-03   0.158161288D-04  -0.181544332D-05   0.118972753D-06
   0.136306597D+02   0.712425728D+00  -0.676719363D-02   0.211954522D-02  -0.485374651D-03   0.883139649D-04  -0.133724367D-04   0.169528001D-05  -0.167417691D-06   0.979975103D-08
   0.901553050D+01   0.219970091D+01  -0.783017575D+00   0.222707527D+00  -0.373144563D-01   0.187212062D-02   0.593816942D-03  -0.764564595D-04  -0.207417806D-04   0.490695173D-05
   0.105717741D+02   0.714384345D+00  -0.968847803D-01   0.241343545D-01  -0.462231528D-02   0.717060135D-03  -0.872741132D-04   0.724190551D-05  -0.232734251D-06  -0.157068991D-07
   0.111870765D+02   0.664165257D+00  -0.442879294D-01   0.122330429D-01  -0.258866956D-02   0.462209564D-03  -0.724542719D-04   0.973890282D-05  -0.100886637D-05   0.602233245D-07
   0.118071623D+02   0.737001093D+00  -0.186204045D-01   0.595446040D-02  -0.141204494D-02   0.271497565D-03  -0.444227367D-04   0.617177710D-05  -0.665701464D-06   0.417832465D-07
   0.125276119D+02   0.706127651D+00  -0.358182540D-02   0.111545460D-02  -0.252793075D-03   0.451806736D-04  -0.665333362D-05   0.812595450D-06  -0.770271700D-07   0.434818192D-08
  -0.530755383D+01   0.246792644D+02  -0.102592850D+02   0.312076655D+01  -0.929191667D+00   0.314414281D+00  -0.121736195D+00   0.399637801D-01  -0.790559773D-02   0.633505399D-03
   0.106852910D+02   0.550651554D+01  -0.169498531D+01   0.298369980D+00  -0.418229295D-01   0.117720943D-01  -0.435345517D-02   0.127113553D-02  -0.257947455D-03   0.261936665D-04
   0.142751140D+02   0.270798289D+01  -0.992316110D+00   0.258109034D+00  -0.367330287D-01   0.216367619D-02  -0.790726070D-03   0.605289536D-03  -0.176015635D-03   0.201088636D-04
   0.160333235D+02   0.137540892D+01  -0.388324230D+00   0.146516950D+00  -0.417100241D-01   0.919006160D-02  -0.147829786D-02   0.140963113D-03  -0.789059646D-06  -0.116618744D-05
   0.171050268D+02   0.808607506D+00  -0.574213906D-01   0.192613029D-01  -0.493346622D-02   0.105680195D-02  -0.196170341D-03   0.307054581D-04  -0.362928804D-05   0.241645965D-06
  -0.399672185D+01   0.235657275D+02  -0.968185122D+01   0.242882193D+01  -0.429485450D+00   0.463249256D-01   0.302119079D-02  -0.279674906D-02   0.589578826D-03  -0.457263729D-04
   0.111262918D+02   0.487496384D+01  -0.162617461D+01   0.325629099D+00  -0.402514606D-01   0.279507284D-02   0.697294272D-03  -0.406085191D-03   0.732474455D-04  -0.339072460D-05
   0.142610027D+02   0.228987134D+01  -0.826481947D+00   0.231350377D+00  -0.366918373D-01   0.726144212D-03   0.103561013D-02  -0.172515923D-03  -0.914176943D-05   0.436660688D-05
   0.157801858D+02   0.122884553D+01  -0.301917140D+00   0.114127959D+00  -0.333410548D-01   0.790687926D-02  -0.150237447D-02   0.214564093D-03  -0.200898088D-04   0.874039041D-06
   0.167720278D+02   0.786520367D+00  -0.455118669D-01   0.150781268D-01  -0.379177057D-02   0.793852623D-03  -0.144040710D-03   0.221580199D-04  -0.259368407D-05   0.172123059D-06
  -0.242098575D+02   0.487900997D+02  -0.200651591D+02   0.521418745D+01  -0.106321531D+01   0.198577025D+00  -0.342454545D-01   0.367984667D-02   0.185975141D-03  -0.874907848D-04
   0.716669058D+01   0.102548074D+02  -0.336547261D+01   0.663818561D+00  -0.944811534D-01   0.101089593D-01  -0.269270742D-03  -0.253558520D-03   0.844622659D-04  -0.108130362D-04
   0.137163580D+02   0.475135307D+01  -0.187691314D+01   0.467129575D+00  -0.730776550D-01   0.955076391D-02  -0.979322825D-03  -0.467382559D-03   0.267244048D-03  -0.420390056D-04
   0.166274708D+02   0.204142121D+01  -0.777993065D+00   0.281779734D+00  -0.673530473D-01   0.786160863D-02   0.133518759D-02  -0.879552337D-03   0.196479807D-03  -0.189930219D-04
   0.180609463D+02   0.904776704D+00  -0.111000104D+00   0.390028958D-01  -0.106431183D-01   0.244724340D-02  -0.483175074D-03   0.786696263D-04  -0.944046815D-05   0.626604894D-06
  -0.150989799D+02   0.368605857D+02  -0.148004835D+02   0.368279269D+01  -0.596557722D+00   0.258508572D-01   0.226312637D-01  -0.110277314D-01   0.302399304D-02  -0.382733743D-03
   0.882315482D+01   0.807931542D+01  -0.255209771D+01   0.484292807D+00  -0.760156017D-01   0.141634214D-01  -0.253764979D-02   0.253114522D-03   0.260524397D-04  -0.955067037D-05
   0.140364587D+02   0.388399764D+01  -0.150061895D+01   0.379703505D+00  -0.626498897D-01   0.122483423D-01  -0.444503471D-02   0.123566884D-02  -0.166904574D-03   0.572159908D-05
   0.164575285D+02   0.176282500D+01  -0.616708774D+00   0.228536282D+00  -0.594728567D-01   0.988735719D-02  -0.346409345D-03  -0.337405118D-03   0.979071895D-04  -0.105108323D-04
   0.177395363D+02   0.864874022D+00  -0.884653465D-01   0.305445932D-01  -0.814665374D-02   0.182887728D-02  -0.354299008D-03   0.571039444D-04  -0.684272196D-05   0.456374790D-06
  -0.151207681D+02   0.368319912D+02  -0.147499270D+02   0.364482264D+01  -0.568203854D+00   0.889780423D-02   0.304515293D-01  -0.139539875D-01   0.378565195D-02  -0.477011927D-03
   0.880207377D+01   0.810056798D+01  -0.255307038D+01   0.483627139D+00  -0.770831222D-01   0.151151082D-01  -0.289140940D-02   0.319654144D-03   0.219170305D-04  -0.990973190D-05
   0.140316132D+02   0.389969349D+01  -0.150616539D+01   0.379934591D+00  -0.621054719D-01   0.119588754D-01  -0.433266453D-02   0.119757488D-02  -0.157862673D-03   0.468273716D-05
   0.164618001D+02   0.176851292D+01  -0.620085717D+00   0.229727404D+00  -0.597010673D-01   0.987367343D-02  -0.319426514D-03  -0.347356604D-03   0.998732243D-04  -0.106928256D-04
   0.177468804D+02   0.865669386D+00  -0.889120360D-01   0.307112028D-01  -0.819561744D-02   0.184101891D-02  -0.356851502D-03   0.575380465D-04  -0.689619087D-05   0.459972322D-06
  -0.963897161D+01   0.299593244D+02  -0.119306783D+02   0.316975345D+01  -0.703430585D+00   0.989674050D-01   0.139903638D-01  -0.123114632D-01   0.311950678D-02  -0.341118070D-03
   0.989016731D+01   0.671258845D+01  -0.214553375D+01   0.389971549D+00  -0.460938569D-01   0.609775715D-02  -0.175096953D-02   0.659133805D-03  -0.162800919D-03   0.170394086D-04
   0.142072471D+02   0.318988453D+01  -0.122839498D+01   0.330315910D+00  -0.570890558D-01   0.992540731D-02  -0.381275598D-02   0.143383171D-02  -0.309481007D-03   0.295582874D-04
   0.162287319D+02   0.151687950D+01  -0.474629954D+00   0.180297420D+00  -0.509511915D-01   0.107844732D-01  -0.153086424D-02   0.809108314D-04   0.168555939D-04  -0.309310676D-05
   0.173765533D+02   0.828543114D+00  -0.683478704D-01   0.231985903D-01  -0.604556375D-02   0.132300158D-02  -0.250890831D-03   0.399464197D-04  -0.477394129D-05   0.319732952D-06
  -0.490709412D+01   0.238463258D+02  -0.949743074D+01   0.262824334D+01  -0.663198682D+00   0.170241613D+00  -0.459235161D-01   0.971867420D-02  -0.561355806D-03  -0.169081023D-03
   0.107006067D+02   0.548153069D+01  -0.168615671D+01   0.297807327D+00  -0.414837613D-01   0.108443997D-01  -0.368967349D-02   0.101646197D-02  -0.201617231D-03   0.203574572D-04
   0.142762179D+02   0.269995936D+01  -0.986711368D+00   0.255904497D+00  -0.363081826D-01   0.220270058D-02  -0.841309063D-03   0.620064267D-03  -0.178058250D-03   0.202093782D-04
   0.160305968D+02   0.137435365D+01  -0.387417529D+00   0.145970801D+00  -0.414546579D-01   0.909514776D-02  -0.145055000D-02   0.134849080D-03   0.129843954D-06  -0.123801798D-05
   0.171018055D+02   0.808545341D+00  -0.573832550D-01   0.192450129D-01  -0.492775564D-02   0.105507806D-02  -0.195729591D-03   0.306155529D-04  -0.361626057D-05   0.240636300D-06
  -0.341273733D+01   0.226861256D+02  -0.924331487D+01   0.230156726D+01  -0.401328699D+00   0.399112279D-01   0.369466411D-02  -0.224149306D-02   0.302835745D-03  -0.784191954D-07
   0.111904920D+02   0.475656543D+01  -0.157278220D+01   0.310720182D+00  -0.373663416D-01   0.253793263D-02   0.640919546D-03  -0.388540115D-03   0.738946382D-04  -0.395819066D-05
   0.142574743D+02   0.225205780D+01  -0.806357709D+00   0.224856217D+00  -0.352586868D-01   0.455596146D-03   0.111051463D-02  -0.198384587D-03  -0.302462804D-05   0.369202860D-05
   0.157564868D+02   0.121896492D+01  -0.295734712D+00   0.111520632D+00  -0.324926257D-01   0.768709303D-02  -0.145800887D-02   0.208030483D-03  -0.194809522D-04   0.849438890D-06
   0.167430394D+02   0.785135533D+00  -0.447646937D-01   0.148149522D-01  -0.371939929D-02   0.776930891D-03  -0.140605999D-03   0.215776518D-04  -0.252100176D-05   0.167080807D-06
  -0.176868402D+02   0.397431487D+02  -0.150412986D+02   0.279282891D+01   0.276416459D+00  -0.561811904D+00   0.317989421D+00  -0.112451023D+00   0.243565725D-01  -0.251348554D-02
   0.832670873D+01   0.880497841D+01  -0.286581686D+01   0.549144712D+00  -0.724927583D-01   0.711493694D-02  -0.315315601D-03  -0.602303422D-04   0.318853192D-04  -0.639275856D-05
   0.139559097D+02   0.411877883D+01  -0.162840728D+01   0.425571908D+00  -0.762072268D-01   0.156715301D-01  -0.496819974D-02   0.119171167D-02  -0.126944023D-03  -0.466461448D-06
   0.165018860D+02   0.182281906D+01  -0.654013287D+00   0.243088889D+00  -0.632183704D-01   0.103778963D-01  -0.284749386D-03  -0.385454889D-03   0.108973476D-03  -0.115911424D-04
   0.178158499D+02   0.872758995D+00  -0.929147855D-01   0.322168493D-01  -0.864335675D-02   0.195366974D-02  -0.380919701D-03   0.617011973D-04  -0.741778774D-05   0.495654263D-06
  -0.103206312D+02   0.310034700D+02  -0.126729551D+02   0.353233958D+01  -0.859417775D+00   0.216024898D+00  -0.706319250D-01   0.242440739D-01  -0.538582470D-02   0.508133381D-03
   0.977545506D+01   0.684011054D+01  -0.215627295D+01   0.393147584D+00  -0.554764883D-01   0.123909211D-01  -0.409990514D-02   0.120070332D-02  -0.231977242D-03   0.203916186D-04
   0.141900885D+02   0.328926668D+01  -0.126222217D+01   0.333123428D+00  -0.563942564D-01   0.102466865D-01  -0.413039270D-02   0.151061178D-02  -0.311838402D-03   0.282362409D-04
   0.162701427D+02   0.155554451D+01  -0.496804506D+00   0.187817113D+00  -0.523130061D-01   0.106724317D-01  -0.135719394D-02   0.181043985D-04   0.292385040D-04  -0.424614275D-05
   0.174391319D+02   0.834380130D+00  -0.715507611D-01   0.243526608D-01  -0.637030528D-02   0.139992787D-02  -0.266412262D-03   0.425003527D-04  -0.508065048D-05   0.339975032D-06
  -0.537863366D+01   0.237972575D+02  -0.957898216D+01   0.278999889D+01  -0.705105121D+00   0.202804185D+00  -0.757182406D-01   0.257807687D-01  -0.584501936D-02   0.617450198D-03
   0.103342972D+02   0.572258003D+01  -0.147299536D+01   0.219405769D+00  -0.218088573D-01  -0.790846824D-02   0.682273437D-02  -0.188344408D-02   0.179301693D-03   0.682301962D-05
   0.142472662D+02   0.320480200D+01  -0.106260651D+01   0.205923527D+00  -0.166534474D-01   0.463088990D-02  -0.409821135D-02   0.146714399D-02  -0.245754196D-03   0.158903513D-04
   0.163310226D+02   0.164079858D+01  -0.526816060D+00   0.182959112D+00  -0.416501326D-01   0.437486749D-02   0.983917857D-03  -0.576398918D-03   0.126681707D-03  -0.122683359D-04
   0.175518390D+02   0.853221887D+00  -0.817070623D-01   0.278859933D-01  -0.730348468D-02   0.159908833D-02  -0.300702619D-03   0.469768814D-04  -0.546276653D-05   0.354466610D-06
  -0.407242215D+01   0.228815810D+02  -0.923952156D+01   0.237905962D+01  -0.424298166D+00   0.551258188D-01  -0.561805177D-02   0.578942328D-03  -0.206271218D-03   0.389435035D-04
   0.108409156D+02   0.515092826D+01  -0.148397743D+01   0.290441283D+00  -0.496989237D-01   0.479079846D-02   0.303347627D-03   0.368479149D-03  -0.251751590D-03   0.413139527D-04
   0.142997599D+02   0.276354248D+01  -0.921096993D+00   0.208339358D+00  -0.339343088D-01   0.120745294D-01  -0.638304165D-02   0.211636876D-02  -0.388199573D-03   0.316231585D-04
   0.161216171D+02   0.146869914D+01  -0.428349494D+00   0.149966602D+00  -0.359438021D-01   0.500520810D-02   0.193265104D-03  -0.302438702D-03   0.745024425D-04  -0.757271593D-05
   0.172482184D+02   0.827334998D+00  -0.674260341D-01   0.227024577D-01  -0.583346762D-02   0.124887745D-02  -0.229953246D-03   0.353814105D-04  -0.408181113D-05   0.264357967D-06
  -0.231874019D+01   0.202538976D+02  -0.801689943D+01   0.210647144D+01  -0.406556826D+00   0.627056791D-01  -0.984974905D-02   0.229571966D-02  -0.580149373D-03   0.695132304D-04
   0.110191064D+02   0.482222480D+01  -0.132859619D+01   0.270214353D+00  -0.572315259D-01   0.132057512D-01  -0.446360280D-02   0.180183812D-02  -0.443482248D-03   0.455662393D-04
   0.143150156D+02   0.271925134D+01  -0.854800610D+00   0.183063456D+00  -0.347210025D-01   0.151900596D-01  -0.687930313D-02   0.184535976D-02  -0.259864209D-03   0.138701949D-04
   0.161317055D+02   0.149548486D+01  -0.430199233D+00   0.140517061D+00  -0.280241922D-01   0.123190116D-02   0.143066506D-02  -0.586306177D-03   0.116745824D-03  -0.107194014D-04
   0.172767869D+02   0.836006212D+00  -0.719594564D-01   0.241921834D-01  -0.618842679D-02   0.131160231D-02  -0.237223432D-03   0.355660031D-04  -0.397397424D-05   0.248500228D-06
  -0.231234922D+01   0.202704446D+02  -0.801403322D+01   0.209203399D+01  -0.396197540D+00   0.563593673D-01  -0.669885269D-02   0.980662278D-03  -0.192647255D-03   0.174063062D-04
   0.110322169D+02   0.481324810D+01  -0.133669254D+01   0.270585158D+00  -0.560489038D-01   0.129903715D-01  -0.431158705D-02   0.163719859D-02  -0.380568611D-03   0.368177443D-04
   0.143140891D+02   0.269743282D+01  -0.852515461D+00   0.186071422D+00  -0.356571881D-01   0.147855753D-01  -0.648624829D-02   0.170332324D-02  -0.232046183D-03   0.113322114D-04
   0.161163893D+02   0.148343632D+01  -0.423685814D+00   0.138652041D+00  -0.279213206D-01   0.141549877D-02   0.132674320D-02  -0.554821876D-03   0.111016018D-03  -0.102114308D-04
   0.172547724D+02   0.834078268D+00  -0.708999988D-01   0.238101770D-01  -0.608118377D-02   0.128640513D-02  -0.232220663D-03   0.347626379D-04  -0.388047997D-05   0.242551766D-06
  -0.269651115D+02   0.524716910D+02  -0.215945450D+02   0.545399257D+01  -0.990429560D+00   0.139032390D+00  -0.179534891D-01   0.302573974D-02  -0.512811637D-03   0.430578198D-04
   0.670559552D+01   0.108803938D+02  -0.362265309D+01   0.725180044D+00  -0.104631995D+00   0.121287653D-01  -0.100324945D-02  -0.307127714D-04   0.436756268D-04  -0.706605398D-05
   0.136241022D+02   0.496886150D+01  -0.198464421D+01   0.497276179D+00  -0.773347032D-01   0.853975897D-02   0.161084203D-03  -0.960243048D-03   0.382852313D-03  -0.541106819D-04
   0.166533333D+02   0.210088718D+01  -0.814891732D+00   0.295647540D+00  -0.704336352D-01   0.796483073D-02   0.154600517D-02  -0.966200526D-03   0.213816087D-03  -0.205694514D-04
   0.181184031D+02   0.912344643D+00  -0.115362624D+00   0.406912696D-01  -0.111614140D-01   0.258140915D-02  -0.512427904D-03   0.837868618D-04  -0.100840723D-04   0.670575443D-06
  -0.174976868D+02   0.400791124D+02  -0.162992002D+02   0.427735319D+01  -0.916677126D+00   0.190964431D+00  -0.398961144D-01   0.521380979D-02   0.492418527D-03  -0.226556019D-03
   0.841648623D+01   0.865730391D+01  -0.278972254D+01   0.535603263D+00  -0.790412424D-01   0.126721364D-01  -0.228672942D-02   0.340959464D-03  -0.118059523D-04  -0.478140025D-05
   0.139678490D+02   0.408629845D+01  -0.160536913D+01   0.413870804D+00  -0.714755077D-01   0.141626448D-01  -0.460711638D-02   0.113087539D-02  -0.120340074D-03  -0.842953003D-06
   0.164977993D+02   0.181733937D+01  -0.650518766D+00   0.241626489D+00  -0.627626342D-01   0.102668545D-01  -0.262706782D-03  -0.389227324D-03   0.109524349D-03  -0.116418818D-04
   0.178088632D+02   0.872051317D+00  -0.925167999D-01   0.320681741D-01  -0.859961081D-02   0.194281835D-02  -0.378639842D-03   0.613138934D-04  -0.737013167D-05   0.492449410D-06
   0.186388902D+02  -0.486609214D+02   0.845144083D+02  -0.787388354D+02   0.511723838D+02  -0.231712054D+02   0.637907107D+01  -0.158204650D+00  -0.738455272D+00   0.242960265D+00
   0.956881969D+01   0.525438122D+01   0.162930695D+01  -0.315895081D+01   0.218262230D+01  -0.104321412D+01   0.372562934D+00  -0.969208397D-01   0.166964204D-01  -0.145377482D-02
   0.138825591D+02   0.432119085D+01  -0.172484084D+01   0.448334038D+00  -0.768184006D-01   0.135847691D-01  -0.368678013D-02   0.696640975D-03  -0.754199717D-05  -0.141323752D-04
   0.165387111D+02   0.187992008D+01  -0.690409425D+00   0.257754533D+00  -0.671578492D-01   0.109388368D-01  -0.230779052D-03  -0.436706552D-03   0.121478745D-03  -0.128703539D-04
   0.178828122D+02   0.879883973D+00  -0.969735764D-01   0.337648405D-01  -0.911225837D-02   0.207418431D-02  -0.407239811D-03   0.663512224D-04  -0.801193431D-05   0.537026265D-06
  -0.176177183D+02   0.407318145D+02  -0.166060155D+02   0.423328517D+01  -0.871669514D+00   0.176054672D+00  -0.343909777D-01   0.527123324D-02  -0.492187238D-03   0.178302483D-04
   0.859634304D+01   0.854909008D+01  -0.286510871D+01   0.571700806D+00  -0.791913718D-01   0.876569748D-02  -0.958896022D-03   0.192938559D-03  -0.280475886D-04  -0.563629160D-06
   0.140183064D+02   0.391512029D+01  -0.157231610D+01   0.430554394D+00  -0.840533861D-01   0.192307862D-01  -0.664229068D-02   0.188213713D-02  -0.302641267D-03   0.196619452D-04
   0.164394647D+02   0.173601601D+01  -0.607033248D+00   0.229939892D+00  -0.628227430D-01   0.118885291D-01  -0.109242531D-02  -0.148412236D-03   0.671317876D-04  -0.800279318D-05
   0.177052748D+02   0.859115641D+00  -0.853273913D-01   0.294344312D-01  -0.784668677D-02   0.176304942D-02  -0.342590796D-03   0.555124622D-04  -0.669838761D-05   0.450169133D-06
  -0.108990315D+02   0.320525890D+02  -0.129907236D+02   0.333494488D+01  -0.668751497D+00   0.118917398D+00  -0.294732311D-01   0.126923807D-01  -0.413276861D-02   0.594028327D-03
   0.980803465D+01   0.687127079D+01  -0.225538100D+01   0.435648970D+00  -0.591801099D-01   0.875560715D-02  -0.211659311D-02   0.692221985D-03  -0.165535452D-03   0.172715661D-04
   0.142011547D+02   0.320938319D+01  -0.124638179D+01   0.340143489D+00  -0.607605630D-01   0.109773749D-01  -0.408271025D-02   0.150125445D-02  -0.323110962D-03   0.310255620D-04
   0.162308440D+02   0.151715174D+01  -0.475650264D+00   0.181322212D+00  -0.515787483D-01   0.110590974D-01  -0.162022363D-02   0.102103637D-03   0.135011446D-04  -0.282104342D-05
   0.173785753D+02   0.828303181D+00  -0.682283452D-01   0.231631761D-01  -0.603896723D-02   0.132254378D-02  -0.251074021D-03   0.400279754D-04  -0.479032475D-05   0.321257335D-06
  -0.118448318D+02   0.332276911D+02  -0.132232895D+02   0.317810750D+01  -0.559812145D+00   0.637153052D-01   0.114823879D-01  -0.104198247D-01   0.303550167D-02  -0.364994416D-03
   0.966414815D+01   0.711207460D+01  -0.238303259D+01   0.475381160D+00  -0.656555850D-01   0.816597874D-02  -0.140329387D-02   0.469192466D-03  -0.126098487D-03   0.137196075D-04
   0.141865725D+02   0.326979215D+01  -0.128398717D+01   0.355780271D+00  -0.660587278D-01   0.126669584D-01  -0.459666025D-02   0.163087754D-02  -0.345403671D-03   0.329334597D-04
   0.162469291D+02   0.152968543D+01  -0.484132303D+00   0.185225198D+00  -0.529582218D-01   0.114432367D-01  -0.170285049D-02   0.115040681D-03   0.122054711D-04  -0.276186143D-05
   0.174011667D+02   0.829780463D+00  -0.690551967D-01   0.234715313D-01  -0.613041277D-02   0.134577111D-02  -0.256158319D-03   0.409399083D-04  -0.490961054D-05   0.329792472D-06
  -0.105107229D+02   0.319273055D+02  -0.130484397D+02   0.327224528D+01  -0.608644259D+00   0.813459465D-01   0.220309161D-02  -0.622004311D-02   0.192698463D-02  -0.234958669D-03
   0.100011074D+02   0.664426106D+01  -0.224151460D+01   0.455197344D+00  -0.652474938D-01   0.881049301D-02  -0.154728260D-02   0.487389820D-03  -0.138656444D-03   0.170205417D-04
   0.142266947D+02   0.304697298D+01  -0.118249615D+01   0.328318425D+00  -0.586087861D-01   0.927607340D-02  -0.313456211D-02   0.123022638D-02  -0.285261986D-03   0.293713062D-04
   0.161631526D+02   0.145924664D+01  -0.441783319D+00   0.169212680D+00  -0.489376646D-01   0.109362925D-01  -0.177940101D-02   0.171259456D-03  -0.102054979D-05  -0.142229198D-05
   0.172793406D+02   0.819711601D+00  -0.635265648D-01   0.214747816D-01  -0.556531586D-02   0.121044578D-02  -0.228395979D-03   0.362722894D-04  -0.433500893D-05   0.290868775D-06
  -0.274626386D+02   0.531557706D+02  -0.219403748D+02   0.562095942D+01  -0.109102216D+01   0.189563468D+00  -0.358412842D-01   0.746653233D-02  -0.125637399D-02   0.108736274D-03
   0.662345648D+01   0.109976843D+02  -0.367373816D+01   0.735894653D+00  -0.104821828D+00   0.115877841D-01  -0.858631254D-03  -0.424430882D-04   0.417707090D-04  -0.660830323D-05
   0.136086049D+02   0.500476868D+01  -0.200515449D+01   0.504367974D+00  -0.789094710D-01   0.864041713D-02   0.275885192D-03  -0.102521910D-02   0.399829844D-03  -0.560360924D-04
   0.166564536D+02   0.210893403D+01  -0.820332000D+00   0.298014995D+00  -0.711469177D-01   0.809994239D-02   0.153953639D-02  -0.970976993D-03   0.215311513D-03  -0.207359426D-04
   0.181256748D+02   0.913221154D+00  -0.115876342D+00   0.408953770D-01  -0.112263672D-01   0.259896844D-02  -0.516442718D-03   0.845243792D-04  -0.101814111D-04   0.677536690D-06
  -0.248194362D+02   0.499236249D+02  -0.203773053D+02   0.499410894D+01  -0.876013228D+00   0.133067975D+00  -0.254120348D-01   0.658645133D-02  -0.143081350D-02   0.160100966D-03
   0.723128557D+01   0.103103904D+02  -0.348803260D+01   0.707806459D+00  -0.100126818D+00   0.101675154D-01  -0.463692864D-03  -0.105349915D-03   0.504307410D-04  -0.821965940D-05
   0.137525459D+02   0.465902102D+01  -0.188750424D+01   0.497553270D+00  -0.892091934D-01   0.159747025D-01  -0.345681382D-02   0.302699693D-03   0.119766958D-03  -0.296118627D-04
   0.165950116D+02   0.197934211D+01  -0.749240789D+00   0.278089193D+00  -0.707266413D-01   0.104996069D-01   0.297378652D-03  -0.618821847D-03   0.155857321D-03  -0.159182354D-04
   0.179928016D+02   0.893670327D+00  -0.104787487D+00   0.367152807D-01  -0.999068149D-02   0.229424131D-02  -0.453725178D-03   0.742490300D-04  -0.897909506D-05   0.601508918D-06
  -0.175969242D+02   0.364056454D+02  -0.820438881D+01  -0.427383534D+01   0.544807418D+01  -0.343956979D+01   0.149395138D+01  -0.437363360D+00   0.766170604D-01  -0.584714503D-02
   0.791925716D+01   0.939361568D+01  -0.310567410D+01   0.585408792D+00  -0.628403124D-01  -0.265733155D-03   0.195927098D-02  -0.506564559D-03   0.915334625D-04  -0.107565884D-04
   0.138848944D+02   0.431104521D+01  -0.174213995D+01   0.468082194D+00  -0.882528167D-01   0.185853674D-01  -0.551664787D-02   0.122370960D-02  -0.109645876D-03  -0.433761212D-05
   0.165294198D+02   0.186467492D+01  -0.682895987D+00   0.256327209D+00  -0.676738535D-01   0.114702296D-01  -0.459699590D-03  -0.374873325D-03   0.111078694D-03  -0.120093944D-04
   0.178648729D+02   0.877282144D+00  -0.955253104D-01   0.332340942D-01  -0.896104610D-02   0.203845511D-02  -0.400217961D-03   0.652562124D-04  -0.789056567D-05   0.529807159D-06
  -0.167795298D+02   0.399794789D+02  -0.166695318D+02   0.457286589D+01  -0.112876840D+01   0.273074643D+00  -0.416348048D-01  -0.514543960D-02   0.425345639D-02  -0.715002685D-03
   0.882128384D+01   0.827353135D+01  -0.279153070D+01   0.561314921D+00  -0.774308988D-01   0.815942965D-02  -0.790022393D-03   0.189560357D-03  -0.392411538D-04   0.138080000D-05
   0.140603527D+02   0.377156078D+01  -0.151575450D+01   0.420314466D+00  -0.832235293D-01   0.191868458D-01  -0.680992940D-02   0.204378671D-02  -0.360354719D-03   0.276321174D-04
   0.163989406D+02   0.168554441D+01  -0.577879846D+00   0.220142935D+00  -0.611982661D-01   0.121504905D-01  -0.136688269D-02  -0.540749917D-04   0.490453897D-04  -0.635785501D-05
   0.176372342D+02   0.851716271D+00  -0.812110796D-01   0.279211971D-01  -0.741034916D-02   0.165715092D-02  -0.320804684D-03   0.518823954D-04  -0.625969752D-05   0.421170256D-06
  -0.149945135D+02   0.392733806D+02  -0.189011502D+02   0.772329822D+01  -0.371512372D+01   0.182288984D+01  -0.728744214D+00   0.211049066D+00  -0.395043871D-01   0.364540576D-02
   0.939033544D+01   0.752067709D+01  -0.255657718D+01   0.523900545D+00  -0.757020742D-01   0.937846481D-02  -0.134727225D-02   0.391688899D-03  -0.100224464D-03   0.988439790D-05
   0.141522727D+02   0.341918463D+01  -0.135897475D+01   0.379996768D+00  -0.734612313D-01   0.154733534D-01  -0.559747672D-02   0.187506197D-02  -0.378550814D-03   0.345828425D-04
   0.162937215D+02   0.157241102D+01  -0.510427590D+00   0.195545461D+00  -0.557381896D-01   0.118858412D-01  -0.169650897D-02   0.897641626D-04   0.189037953D-04  -0.347034806D-05
   0.174708536D+02   0.835645660D+00  -0.722991427D-01   0.246565167D-01  -0.647093878D-02   0.142875689D-02  -0.273480420D-03   0.438978819D-04  -0.527864439D-05   0.355075520D-06
  -0.126947414D+02   0.348409504D+02  -0.141643790D+02   0.333408321D+01  -0.477899493D+00   0.203480957D-01   0.107665837D-01  -0.364317053D-02   0.603338651D-03  -0.468570186D-04
   0.965878878D+01   0.715408090D+01  -0.244370616D+01   0.509081356D+00  -0.774659756D-01   0.112207334D-01  -0.201279706D-02   0.569845469D-03  -0.141348416D-03   0.152651953D-04
   0.141893908D+02   0.324794393D+01  -0.128027425D+01   0.358196148D+00  -0.674296937D-01   0.128853511D-01  -0.457350221D-02   0.162365080D-02  -0.347737811D-03   0.336672097D-04
   0.162357994D+02   0.151876860D+01  -0.478142557D+00   0.183400455D+00  -0.527601415D-01   0.115570248D-01  -0.177880071D-02   0.139222693D-03   0.767385122D-05  -0.235083043D-05
   0.173839837D+02   0.828040162D+00  -0.681055853D-01   0.231325613D-01  -0.603635476D-02   0.132389655D-02  -0.251839614D-03   0.402460485D-04  -0.482834522D-05   0.324564651D-06
  -0.843509382D+01   0.305366793D+02  -0.149313023D+02   0.632684116D+01  -0.292726242D+01   0.119139456D+01  -0.324318241D+00   0.368110574D-01   0.642571261D-02  -0.211110058D-02
   0.104968023D+02   0.589959381D+01  -0.197541474D+01   0.389808220D+00  -0.474626017D-01   0.302326448D-02   0.435603093D-03  -0.827319377D-04  -0.398417792D-04   0.103357467D-04
   0.142640633D+02   0.272522038D+01  -0.103231143D+01   0.286609162D+00  -0.476654858D-01   0.443373320D-02  -0.896422237D-03   0.536188322D-03  -0.159421431D-03   0.189801221D-04
   0.160227766D+02   0.136006847D+01  -0.381700979D+00   0.145871471D+00  -0.426002240D-01   0.985547227D-02  -0.174903008D-02   0.214196988D-03  -0.134989185D-04  -0.587068482D-07
   0.170854544D+02   0.805517103D+00  -0.557809983D-01   0.187024179D-01  -0.478900160D-02   0.102631707D-02  -0.190845523D-03   0.299675300D-04  -0.355695178D-05   0.237906463D-06
  -0.249593054D+00   0.186995214D+02  -0.777476243D+01   0.195426059D+01  -0.347598686D+00   0.468002301D-01  -0.444496819D-02   0.449429341D-04   0.122997255D-03  -0.201261664D-04
   0.116920392D+02   0.378551385D+01  -0.127631194D+01   0.270421275D+00  -0.351312965D-01   0.320595888D-02   0.141011455D-03  -0.342497002D-03   0.117151285D-03  -0.144673743D-04
   0.141446122D+02   0.181787715D+01  -0.609999673D+00   0.180629213D+00  -0.331194124D-01   0.178803797D-02   0.105156803D-02  -0.381862149D-03   0.625843820D-04  -0.452909175D-05
   0.154020081D+02   0.108334395D+01  -0.214867521D+00   0.797204681D-01  -0.230937903D-01   0.556665417D-02  -0.111794823D-02   0.178241098D-03  -0.202018732D-04   0.122942493D-05
   0.163147393D+02   0.764528262D+00  -0.337919007D-01   0.110340326D-01  -0.271251665D-02   0.550713404D-03  -0.965633306D-04   0.144097065D-04  -0.165046766D-05   0.108123434D-06
   0.194381061D+01   0.156535452D+02  -0.652574878D+01   0.164171344D+01  -0.287773068D+00   0.356947120D-01  -0.185060802D-02  -0.591861342D-03   0.282119703D-03  -0.483451164D-04
   0.119334188D+02   0.317049886D+01  -0.106357683D+01   0.235552597D+00  -0.337994717D-01   0.501600296D-02  -0.125536423D-02   0.225355090D-03  -0.487205044D-05  -0.331085949D-05
   0.140093919D+02   0.157107994D+01  -0.491695988D+00   0.150037219D+00  -0.305508782D-01   0.312164007D-02   0.413977980D-03  -0.247280867D-03   0.487330304D-04  -0.417475017D-05
   0.151309313D+02   0.101018578D+01  -0.171543319D+00   0.625844139D-01  -0.178441432D-01   0.426794027D-02  -0.862667771D-03   0.140781051D-03  -0.166066603D-04   0.106808529D-05
   0.160036887D+02   0.753129591D+00  -0.277842348D-01   0.899776821D-02  -0.218250906D-02   0.434709746D-03  -0.745012709D-04   0.108755389D-04  -0.122446927D-05   0.793135662D-07
   0.449611002D+01   0.119169598D+02  -0.498446252D+01   0.128290516D+01  -0.249491539D+00   0.477457187D-01  -0.111086816D-01   0.307900094D-02  -0.644674470D-03   0.575377797D-04
   0.121096506D+02   0.243774623D+01  -0.792781526D+00   0.182924019D+00  -0.263934210D-01   0.339386041D-02  -0.107755303D-02   0.376260356D-03  -0.738938204D-04   0.631333849D-05
   0.137445232D+02   0.129022577D+01  -0.352947952D+00   0.110216576D+00  -0.248451032D-01   0.381633191D-02  -0.231004082D-03  -0.614278225D-04   0.192253678D-04  -0.197663286D-05
   0.147119499D+02   0.928223588D+00  -0.123844900D+00   0.440258542D-01  -0.121903208D-01   0.284636104D-02  -0.569432654D-03   0.935711096D-04  -0.112867452D-04   0.750669468D-06
   0.155396226D+02   0.739905595D+00  -0.208784321D-01   0.669296913D-02  -0.159617567D-02   0.310004514D-03  -0.514642624D-04   0.727113774D-05  -0.796718340D-06   0.506359823D-07
   0.639927500D+01   0.890224412D+01  -0.371883950D+01   0.949090728D+00  -0.171379052D+00   0.276078177D-01  -0.477902466D-02   0.142052186D-02  -0.506646470D-03   0.831671850D-04
   0.121046384D+02   0.185227189D+01  -0.566571742D+00   0.135976205D+00  -0.193114666D-01   0.970705296D-03   0.898696550D-04   0.325327726D-04  -0.191493143D-04   0.261263839D-05
   0.133910893D+02   0.107277918D+01  -0.243825385D+00   0.762195863D-01  -0.180631339D-01   0.331522426D-02  -0.433975316D-03   0.284720203D-04   0.180209864D-05  -0.443536715D-06
   0.142390562D+02   0.864457954D+00  -0.876351256D-01   0.303432637D-01  -0.812441025D-02   0.183385628D-02  -0.357826980D-03   0.581650620D-04  -0.703319666D-05   0.473249285D-06
   0.150313471D+02   0.729172183D+00  -0.153273389D-01   0.487107379D-02  -0.114458264D-02   0.217240396D-03  -0.349715403D-04   0.477671450D-05  -0.507904919D-06   0.315707078D-07
  -0.251030941D+00   0.187012520D+02  -0.777486592D+01   0.195360991D+01  -0.347030195D+00   0.465132914D-01  -0.434447337D-02   0.201262798D-04   0.126988472D-03  -0.204467899D-04
   0.116918574D+02   0.378592517D+01  -0.127647794D+01   0.270460455D+00  -0.351374850D-01   0.320591011D-02   0.141689571D-03  -0.342799011D-03   0.117213606D-03  -0.144725912D-04
   0.141446733D+02   0.181802341D+01  -0.610073264D+00   0.180650354D+00  -0.331224352D-01   0.178779469D-02   0.105178954D-02  -0.381907318D-03   0.625872164D-04  -0.452885873D-05
   0.154021487D+02   0.108338499D+01  -0.214892281D+00   0.797305134D-01  -0.230969626D-01   0.556746643D-02  -0.111811450D-02   0.178266825D-03  -0.202045470D-04   0.122956331D-05
   0.163149022D+02   0.764534457D+00  -0.337951853D-01   0.110351573D-01  -0.271281396D-02   0.550779806D-03  -0.965762409D-04   0.144118166D-04  -0.165072572D-05   0.108140941D-06
   0.194425368D+01   0.156523804D+02  -0.652478153D+01   0.164142278D+01  -0.287805521D+00   0.357587607D-01  -0.187964966D-02  -0.584134712D-03   0.280830716D-03  -0.482329374D-04
   0.119333828D+02   0.317061940D+01  -0.106356786D+01   0.235525651D+00  -0.337878250D-01   0.501236763D-02  -0.125412601D-02   0.224971794D-03  -0.479639199D-05  -0.331761491D-05
   0.140094492D+02   0.157116839D+01  -0.491730463D+00   0.150041005D+00  -0.305481878D-01   0.311991735D-02   0.414513639D-03  -0.247381758D-03   0.487435885D-04  -0.417514104D-05
   0.151310396D+02   0.101021694D+01  -0.171561067D+00   0.625910105D-01  -0.178459846D-01   0.426833593D-02  -0.862729041D-03   0.140786351D-03  -0.166065593D-04   0.106802343D-05
   0.160038142D+02   0.753134736D+00  -0.277869251D-01   0.899866856D-02  -0.218273951D-02   0.434759466D-03  -0.745107501D-04   0.108771139D-04  -0.122467530D-05   0.793294396D-07
   0.449764229D+01   0.119134280D+02  -0.498147552D+01   0.128167401D+01  -0.249256661D+00   0.477669656D-01  -0.111365258D-01   0.308729957D-02  -0.645880255D-03   0.576152204D-04
   0.121096470D+02   0.243793194D+01  -0.792757435D+00   0.182874784D+00  -0.263746997D-01   0.339027760D-02  -0.107699721D-02   0.376068167D-03  -0.738320564D-04   0.630498741D-05
   0.137446658D+02   0.129036946D+01  -0.353005355D+00   0.110224668D+00  -0.248417201D-01   0.381368948D-02  -0.230054075D-03  -0.616467612D-04   0.192572041D-04  -0.197893409D-05
   0.147121752D+02   0.928274095D+00  -0.123872999D+00   0.440360291D-01  -0.121931117D-01   0.284696644D-02  -0.569533364D-03   0.935824955D-04  -0.112873321D-04   0.750649853D-06
   0.155398762D+02   0.739914282D+00  -0.208829234D-01   0.669444150D-02  -0.159653958D-02   0.310078825D-03  -0.514773489D-04   0.727309384D-05  -0.796942183D-06   0.506505140D-07
   0.640071369D+01   0.889965128D+01  -0.371739563D+01   0.948517223D+00  -0.171181271D+00   0.275464848D-01  -0.476102940D-02   0.141556438D-02  -0.505648702D-03   0.830725917D-04
   0.121045765D+02   0.185192306D+01  -0.566426301D+00   0.135941582D+00  -0.193059015D-01   0.969484205D-03   0.904033948D-04   0.323485243D-04  -0.191125595D-04   0.260928617D-05
   0.133908235D+02   0.107265755D+01  -0.243763287D+00   0.761990887D-01  -0.180583041D-01   0.331447419D-02  -0.433939561D-03   0.284889896D-04   0.179719768D-05  -0.443034486D-06
   0.142387237D+02   0.864422530D+00  -0.876152103D-01   0.303358263D-01  -0.812221994D-02   0.183331103D-02  -0.357711618D-03   0.581452617D-04  -0.703072834D-05   0.473080708D-06
   0.150309948D+02   0.729166118D+00  -0.153242149D-01   0.487005576D-02  -0.114433318D-02   0.217189978D-03  -0.349627480D-04   0.477540920D-05  -0.507755794D-06   0.315608894D-07
   0.824468351D+01   0.543997810D+01  -0.225379357D+01   0.583380326D+00  -0.927645660D-01   0.860099320D-02   0.166170085D-02  -0.177669206D-02   0.610248079D-03  -0.817130108D-04
   0.117774767D+02   0.122283555D+01  -0.311827084D+00   0.803172962D-01  -0.140025782D-01   0.129462174D-02   0.107797940D-03  -0.642110019D-04   0.111718971D-04  -0.838079912D-06
   0.126926651D+02   0.846564817D+00  -0.130947698D+00   0.395109235D-01  -0.930568497D-02   0.182928248D-02  -0.300249942D-03   0.390317415D-04  -0.356985869D-05   0.171176202D-06
   0.134154931D+02   0.796155079D+00  -0.499885761D-01   0.166817385D-01  -0.423756573D-02   0.898426572D-03  -0.165193340D-03   0.257054371D-04  -0.303393530D-05   0.202386764D-06
   0.141695034D+02   0.717131075D+00  -0.915986114D-02   0.288134043D-02  -0.664951647D-03   0.122571490D-03  -0.189261284D-04   0.245992082D-05  -0.249310088D-06   0.149165492D-07
   0.840106163D+01   0.507865321D+01  -0.211509554D+01   0.566722848D+00  -0.101397654D+00   0.165286069D-01  -0.260633168D-02  -0.248414658D-03   0.288487027D-03  -0.514184233D-04
   0.117043542D+02   0.115715744D+01  -0.284420693D+00   0.737532278D-01  -0.132447100D-01   0.138582350D-02   0.456564199D-04  -0.505338206D-04   0.962764310D-05  -0.770606423D-06
   0.125809050D+02   0.823223243D+00  -0.119541700D+00   0.358195587D-01  -0.838679546D-02   0.164755746D-02  -0.272880889D-03   0.362995122D-04  -0.346341262D-05   0.178265567D-06
   0.132907081D+02   0.788856028D+00  -0.460506270D-01   0.152975521D-01  -0.385904285D-02   0.810820301D-03  -0.147668794D-03   0.227950806D-04  -0.267595611D-05   0.177974194D-06
   0.140405995D+02   0.715804562D+00  -0.848445339D-02   0.266578787D-02  -0.613933049D-03   0.112777311D-03  -0.173249230D-04   0.223742518D-05  -0.225287863D-06   0.134069834D-07
   0.869630380D+01   0.429525830D+01  -0.179990964D+01   0.515914883D+00  -0.109119655D+00   0.269509515D-01  -0.909248938D-02   0.246196131D-02  -0.377473447D-03   0.224421009D-04
   0.115072287D+02   0.101996902D+01  -0.226755118D+00   0.594017862D-01  -0.112966066D-01   0.146805564D-02  -0.705402464D-04  -0.200468100D-04   0.536689750D-05  -0.495287092D-06
   0.123030296D+02   0.774377704D+00  -0.959359882D-01   0.282537951D-01  -0.650456646D-02   0.126797834D-02  -0.212276748D-03   0.292608115D-04  -0.297729159D-05   0.168720933D-06
   0.129854714D+02   0.773350393D+00  -0.377470208D-01   0.124126483D-01  -0.308232598D-02   0.634089952D-03  -0.112831060D-03   0.170659469D-04  -0.197471172D-05   0.130218654D-06
   0.137265925D+02   0.712957919D+00  -0.703783094D-02   0.220572995D-02  -0.505701435D-03   0.921961874D-04  -0.140031660D-04   0.178239339D-05  -0.176780473D-06   0.103865355D-07
   0.902468784D+01   0.229163681D+01  -0.846970173D+00   0.247530706D+00  -0.414061577D-01   0.647544719D-03   0.163169500D-02  -0.412829515D-03   0.387568787D-04   0.105686906D-06
   0.106279859D+02   0.719024908D+00  -0.994973263D-01   0.251843109D-01  -0.496194543D-02   0.807755387D-03  -0.107050146D-03   0.106176872D-04  -0.641159107D-06   0.109717582D-07
   0.112458074D+02   0.665375282D+00  -0.449221202D-01   0.124668743D-01  -0.266048047D-02   0.481460620D-03  -0.768843790D-04   0.105646707D-04  -0.111999184D-05   0.683462289D-07
   0.118665570D+02   0.737355086D+00  -0.188128128D-01   0.602320360D-02  -0.143143863D-02   0.276215270D-03  -0.454303343D-04   0.635170116D-05  -0.689454936D-06   0.435091629D-07
   0.125872060D+02   0.706191529D+00  -0.361435235D-02   0.112583994D-02  -0.255254842D-03   0.456552075D-04  -0.673163016D-05   0.823660470D-06  -0.782533354D-07   0.442811847D-08
   0.898899947D+01   0.209437979D+01  -0.752976423D+00   0.224257931D+00  -0.393893175D-01   0.103439659D-02   0.165379224D-02  -0.514289738D-03   0.739150769D-04  -0.434461301D-05
   0.104738611D+02   0.690204744D+00  -0.876219910D-01   0.219632968D-01  -0.429785911D-02   0.702471317D-03  -0.955612666D-04   0.101526673D-04  -0.729075797D-06   0.244479427D-07
   0.110744360D+02   0.654501639D+00  -0.400095110D-01   0.110174393D-01  -0.232468661D-02   0.415014502D-03  -0.654461132D-04   0.891837032D-05  -0.942403219D-06   0.575424910D-07
   0.116889674D+02   0.733623954D+00  -0.168805012D-01   0.538831051D-02  -0.127397146D-02   0.243868170D-03  -0.396815246D-04   0.548261157D-05  -0.588847674D-06   0.368669562D-07
   0.124074844D+02   0.705476204D+00  -0.325371656D-02   0.101283891D-02  -0.229358310D-03   0.409373630D-04  -0.601589069D-05   0.732702868D-06  -0.692486299D-07   0.389994799D-08
  -0.255917335D+02   0.506676112D+02  -0.208482000D+02   0.525815034D+01  -0.931862945D+00   0.118604865D+00  -0.990879405D-02  -0.633831457D-03   0.621294421D-03  -0.107005945D-03
   0.694089821D+01   0.105462715D+02  -0.347911086D+01   0.695471418D+00  -0.103451893D+00   0.126879208D-01  -0.828890749D-03  -0.197784043D-03   0.887931151D-04  -0.120293585D-04
   0.136688321D+02   0.486429604D+01  -0.192531934D+01   0.476600912D+00  -0.725723260D-01   0.814558763D-02  -0.134728673D-03  -0.784631730D-03   0.337074396D-03  -0.489791299D-04
   0.166435657D+02   0.207696573D+01  -0.799066057D+00   0.288958394D+00  -0.684964923D-01   0.762238791D-02   0.155468208D-02  -0.951895821D-03   0.209768155D-03  -0.201418587D-04
   0.180961933D+02   0.909609888D+00  -0.113770533D+00   0.400652913D-01  -0.109649778D-01   0.252916563D-02  -0.500686447D-03   0.816661731D-04  -0.980859040D-05   0.651153413D-06
  -0.136429673D+02   0.352427653D+02  -0.138210139D+02   0.293049526D+01  -0.159141585D+00  -0.155941977D+00   0.808021451D-01  -0.239782445D-01   0.448940059D-02  -0.406906779D-03
   0.923808399D+01   0.759080773D+01  -0.246030268D+01   0.490926874D+00  -0.747282223D-01   0.893167617D-02  -0.509078995D-04  -0.269220623D-03   0.595142354D-04  -0.623984865D-05
   0.141176613D+02   0.360690233D+01  -0.138511988D+01   0.359082108D+00  -0.635086831D-01   0.138255526D-01  -0.519349319D-02   0.155130314D-02  -0.255306463D-03   0.169890211D-04
   0.163824388D+02   0.167210788D+01  -0.561893689D+00   0.208299560D+00  -0.549459724D-01   0.967266554D-02  -0.624802684D-03  -0.216581422D-03   0.727317234D-04  -0.811662517D-05
   0.176156728D+02   0.852404697D+00  -0.814770315D-01   0.279446025D-01  -0.738412128D-02   0.163986180D-02  -0.314482129D-03   0.503026727D-04  -0.599991309D-05   0.399273727D-06
  -0.813029412D+01   0.287846610D+02  -0.117882895D+02   0.297519534D+01  -0.536624674D+00   0.747155701D-01  -0.128642605D-01   0.401589228D-02  -0.938981603D-03   0.900604168D-04
   0.103832456D+02   0.604278732D+01  -0.199224101D+01   0.397487844D+00  -0.588533553D-01   0.958484906D-02  -0.188585415D-02   0.468236271D-03  -0.116448691D-03   0.144572680D-04
   0.142587701D+02   0.283553181D+01  -0.106980254D+01   0.290364480D+00  -0.479624878D-01   0.580562843D-02  -0.186763932D-02   0.861334954D-03  -0.217370202D-03   0.234630573D-04
   0.160826422D+02   0.140375038D+01  -0.406568694D+00   0.154418399D+00  -0.443236374D-01   0.986781055D-02  -0.161274933D-02   0.159959712D-03  -0.241439769D-05  -0.111407684D-05
   0.171693426D+02   0.812323554D+00  -0.594619570D-01   0.199999019D-01  -0.514396508D-02   0.110794644D-02  -0.206903336D-03   0.325630240D-04  -0.386542938D-05   0.258168122D-06
  -0.422817668D+01   0.237516177D+02  -0.969742774D+01   0.243151389D+01  -0.425700394D+00   0.407025835D-01   0.383490621D-02  -0.161563335D-02  -0.275564638D-04   0.536488672D-04
   0.110576060D+02   0.498376780D+01  -0.164500341D+01   0.323598788D+00  -0.400150412D-01   0.347132393D-02   0.245828756D-03  -0.226301249D-03   0.303587399D-04   0.118821499D-05
   0.142676353D+02   0.235384577D+01  -0.852577781D+00   0.235844029D+00  -0.366364246D-01   0.797200130D-03   0.825451943D-03  -0.682829594D-04  -0.337274464D-04   0.689312552D-05
   0.158231935D+02   0.125076030D+01  -0.314854201D+00   0.119046238D+00  -0.346742827D-01   0.814852625D-02  -0.151881861D-02   0.209069999D-03  -0.181755785D-04   0.654531111D-06
   0.168269842D+02   0.789849966D+00  -0.472969153D-01   0.156996054D-01  -0.395945616D-02   0.832013979D-03  -0.151534419D-03   0.233801837D-04  -0.274156878D-05   0.182066299D-06
  -0.114165928D+01   0.194069929D+02  -0.759590322D+01   0.174784738D+01  -0.263411371D+00   0.824604799D-02   0.158721133D-01  -0.775084219D-02   0.187511537D-02  -0.199250346D-03
   0.114816695D+02   0.421694787D+01  -0.138623316D+01   0.271330774D+00  -0.287736131D-01   0.402889951D-03   0.116900476D-02  -0.581103057D-03   0.135907768D-03  -0.127247180D-04
   0.142146989D+02   0.202517106D+01  -0.701870318D+00   0.199631247D+00  -0.325941302D-01   0.319158574D-03   0.140443449D-02  -0.382112437D-03   0.462990210D-04  -0.185842992D-05
   0.155880020D+02   0.114912415D+01  -0.253836373D+00   0.949595315D-01  -0.275948422D-01   0.659240838D-02  -0.128819498D-02   0.195154002D-03  -0.203987844D-04   0.110002130D-05
   0.165366314D+02   0.774665402D+00  -0.391682977D-01   0.128746786D-01  -0.319823737D-02   0.658668042D-03  -0.117364459D-03   0.177678413D-04  -0.205615454D-05   0.135515951D-06
  -0.537815453D+02   0.832782099D+02  -0.349803241D+02   0.906489307D+01  -0.167723667D+01   0.238656709D+00  -0.250083404D-01   0.129603591D-02   0.950745288D-04  -0.867061119D-05
   0.117591335D+00   0.150440890D+02  -0.303580766D+01  -0.114228320D+01   0.158678885D+01  -0.102618727D+01   0.504642201D+00  -0.184353106D+00   0.485770158D-01  -0.718525767D-02
   0.191606757D+02  -0.135659493D+02   0.272478008D+02  -0.285198043D+02   0.225471880D+02  -0.144536986D+02   0.729056710D+01  -0.269781097D+01   0.651841733D+00  -0.779122102D-01
   0.165122701D+02   0.491812690D+01  -0.215163530D+01   0.536614442D+00  -0.239139563D-01  -0.251640293D-01   0.605377779D-02   0.209002018D-03  -0.256994242D-03   0.247175151D-04
   0.195831844D+02   0.140369222D+01  -0.407191644D+00   0.154663946D+00  -0.444222515D-01   0.989968726D-02  -0.161957775D-02   0.160631341D-03  -0.235201909D-05  -0.113420771D-05
  -0.695794677D+02   0.103710277D+03  -0.450888271D+02   0.136931384D+02  -0.398218404D+01   0.138645311D+01  -0.525729088D+00   0.161292447D+00  -0.302906601D-01   0.235883583D-02
  -0.359864487D+01   0.212352453D+02  -0.674303058D+01   0.135689710D+01  -0.181126991D+00   0.155354159D-01  -0.139660442D-02  -0.419820528D-03   0.222624737D-03  -0.148711020D-04
   0.102700374D+02   0.103531518D+02  -0.369034700D+01   0.777888902D+00  -0.108624414D+00  -0.157167303D-01   0.269995381D-01  -0.129983132D-01   0.329401789D-02  -0.378012054D-03
   0.166063626D+02   0.456367517D+01  -0.207297627D+01   0.635850305D+00  -0.132991676D+00   0.359331803D-01  -0.177193155D-01   0.698225397D-02  -0.157866306D-02   0.159550018D-03
   0.194562122D+02   0.132794839D+01  -0.359481654D+00   0.134708620D+00  -0.381807696D-01   0.842973360D-02  -0.137827108D-02   0.139948420D-03  -0.316703381D-05  -0.818443260D-06
  -0.694243616D+02   0.103698571D+03  -0.449995484D+02   0.136502593D+02  -0.398872773D+01   0.140519797D+01  -0.544249467D+00   0.174914771D+00  -0.360805935D-01   0.339129739D-02
  -0.340196356D+01   0.212287595D+02  -0.671354200D+01   0.130249761D+01  -0.143652140D+00  -0.107630224D-01   0.117062362D-01  -0.527828350D-02   0.157693386D-02  -0.206539807D-03
   0.103580166D+02   0.104186118D+02  -0.396324941D+01   0.983612126D+00  -0.248338160D+00   0.779750773D-01  -0.208767980D-01   0.348726327D-02  -0.172400002D-03  -0.346116574D-04
   0.166431414D+02   0.437233938D+01  -0.201522078D+01   0.640158232D+00  -0.134986287D+00   0.309346850D-01  -0.139208001D-01   0.576556326D-02  -0.139578061D-02   0.151422147D-03
   0.193730915D+02   0.127767635D+01  -0.330519105D+00   0.124344086D+00  -0.357786967D-01   0.819763360D-02  -0.145512789D-02   0.181706869D-03  -0.124462173D-04   0.101224238D-06
  -0.643772442D+02   0.936921863D+02  -0.348275698D+02   0.490649066D+01   0.263039512D+01  -0.267495399D+01   0.146523644D+01  -0.601921352D+00   0.173203866D+00  -0.250390334D-01
  -0.290609484D+01   0.209503833D+02  -0.663357254D+01   0.135338603D+01  -0.275315424D+00   0.913095768D-01  -0.420782175D-01   0.158359358D-01  -0.366244417D-02   0.387419226D-03
   0.106355973D+02   0.101135451D+02  -0.392065054D+01   0.916185197D+00  -0.175726520D+00   0.468894395D-01  -0.165751179D-01   0.520337747D-02  -0.108318740D-02   0.103559022D-03
   0.166971066D+02   0.408665496D+01  -0.189233936D+01   0.613411470D+00  -0.123274382D+00   0.191351011D-01  -0.684925718D-02   0.335742000D-02  -0.938699678D-03   0.113210600D-03
   0.192588889D+02   0.121745650D+01  -0.295313417D+00   0.111219906D+00  -0.323695890D-01   0.765047807D-02  -0.144961891D-02   0.206588267D-03  -0.193128790D-04   0.839372086D-06
  -0.545339190D+02   0.876230951D+02  -0.412472173D+02   0.156524242D+02  -0.669506504D+01   0.340588771D+01  -0.161439560D+01   0.614097665D+00  -0.174524383D+00   0.269807876D-01
   0.830174521D-01   0.183577585D+02  -0.649120978D+01   0.205198042D+01  -0.975348449D+00   0.501078414D+00  -0.199556007D+00   0.556728332D-01  -0.987297881D-02   0.855252338D-03
   0.117335257D+02   0.845985690D+01  -0.333440737D+01   0.762879616D+00  -0.104015079D+00   0.627714763D-02   0.958474682D-03   0.141795532D-03  -0.261957928D-03   0.531838011D-04
   0.168086369D+02   0.335049334D+01  -0.148802652D+01   0.477835223D+00  -0.792459075D-01  -0.377755521D-02   0.539143763D-02  -0.112183078D-02   0.399613874D-04   0.134842325D-04
   0.189643529D+02   0.110230549D+01  -0.226461591D+00   0.840366872D-01  -0.242969492D-01   0.581905509D-02  -0.115352183D-02   0.180083672D-03  -0.198013522D-04   0.115643935D-05
  -0.402680455D+02   0.700212235D+02  -0.294671623D+02   0.753847358D+01  -0.136515591D+01   0.183676989D+00  -0.172979835D-01   0.659090009D-03   0.109027920D-03  -0.173192454D-04
   0.426389000D+01   0.139375517D+02  -0.478144516D+01   0.995690309D+00  -0.148216610D+00   0.169141989D-01  -0.146726137D-02   0.782993318D-04   0.359607524D-05  -0.219070457D-06
   0.130595009D+02   0.616239263D+01  -0.249344385D+01   0.606996581D+00  -0.815174215D-01  -0.187582070D-02   0.708390264D-02  -0.332800221D-02   0.798256486D-03  -0.810179423D-04
   0.167681462D+02   0.248134481D+01  -0.103007142D+01   0.360024488D+00  -0.749237239D-01   0.241465898D-02   0.459267938D-02  -0.180934901D-02   0.347551904D-03  -0.303524197D-04
   0.184407425D+02   0.966642415D+00  -0.146730476D+00   0.528160231D-01  -0.148485349D-01   0.351514268D-02  -0.708738679D-03   0.116441685D-03  -0.139430038D-04   0.916002461D-06
  -0.162566233D+02   0.266791028D+02   0.398882637D+01  -0.160519266D+02   0.145653671D+02  -0.902555238D+01   0.432511264D+01  -0.155738945D+01   0.396733480D+00  -0.558473369D-01
   0.437329943D+01   0.138491515D+02  -0.656284713D+01   0.349376382D+01  -0.144195489D+01  -0.296061880D-01   0.501332008D+00  -0.339527405D+00   0.111299442D+00  -0.159799042D-01
   0.129341086D+02   0.616421738D+01  -0.199704070D+01   0.366124715D+00   0.360048974D-03  -0.297361656D-01   0.134455123D-01  -0.522862941D-02   0.177076022D-02  -0.290247224D-03
   0.168393670D+02   0.322030282D+01  -0.133904545D+01   0.500827743D+00  -0.210030639D+00   0.106934635D+00  -0.465643576D-01   0.140703406D-01  -0.260682598D-02   0.227611836D-03
   0.189635849D+02   0.116553598D+01  -0.252277578D+00   0.860329885D-01  -0.208062478D-01   0.338883645D-02  -0.204049614D-03  -0.696196584D-04   0.226829940D-04  -0.249464738D-05
  -0.154585772D+02   0.315831826D+02  -0.837888525D+01  -0.242402948D+01   0.393106014D+01  -0.256307286D+01   0.119334124D+01  -0.399705756D+00   0.915622455D-01  -0.904041313D-02
   0.474417312D+02  -0.980819439D+02   0.133818637D+03  -0.124501649D+03   0.900889239D+02  -0.517728104D+02   0.230483837D+02  -0.750040958D+01   0.159556742D+01  -0.167856054D+00
   0.130534202D+02   0.591015711D+01  -0.173729826D+01   0.145758546D+00   0.120410787D+00  -0.801117777D-01   0.279253823D-01  -0.608184036D-02   0.891818233D-03  -0.864225094D-04
   0.168626875D+02   0.302334854D+01  -0.120151602D+01   0.375119057D+00  -0.100685738D+00   0.404341892D-01  -0.195374012D-01   0.691711002D-02  -0.148079406D-02   0.148245678D-03
   0.188773312D+02   0.111732956D+01  -0.228668825D+00   0.803257485D-01  -0.209283943D-01   0.414780049D-02  -0.574736787D-03   0.366837584D-04   0.379193181D-05  -0.831318262D-06
  -0.342636657D+02   0.606707251D+02  -0.260483650D+02   0.771531653D+01  -0.204721272D+01   0.615345323D+00  -0.211269537D+00   0.599346764D-01  -0.982469897D-02   0.541228560D-03
   0.452086779D+01   0.127272602D+02  -0.396263683D+01   0.795437436D+00  -0.126471359D+00   0.227610118D-01  -0.568678241D-02   0.122168655D-02  -0.134169175D-03   0.685353033D-06
   0.128571590D+02   0.640934820D+01  -0.230690075D+01   0.578829361D+00  -0.138824341D+00   0.399203169D-01  -0.142965679D-01   0.527591955D-02  -0.132259449D-02   0.149883838D-03
   0.168652216D+02   0.296056766D+01  -0.116808067D+01   0.345313659D+00  -0.705485670D-01   0.200014460D-01  -0.105323949D-01   0.434183956D-02  -0.103595667D-02   0.112372181D-03
   0.188419640D+02   0.109821393D+01  -0.219130618D+00   0.778186922D-01  -0.207947306D-01   0.435727914D-02  -0.688866689D-03   0.704569731D-04  -0.229817428D-05  -0.290278252D-06
  -0.238237049D+02   0.462429831D+02  -0.194268341D+02   0.518324867D+01  -0.103140486D+01   0.185640409D+00  -0.342589730D-01   0.713727568D-02  -0.125184552D-02   0.148500859D-03
   0.806661077D+01   0.415125358D+01   0.437484572D+01  -0.587458682D+01   0.466779076D+01  -0.268297926D+01   0.117911040D+01  -0.387968541D+00   0.790673426D-01  -0.638369430D-02
   0.120102030D+02   0.833240086D+01  -0.453152608D+01   0.316504480D+01  -0.246768590D+01   0.153568633D+01  -0.697873240D+00   0.223172338D+00  -0.459658697D-01   0.468837057D-02
   0.168555277D+02   0.335931316D+01  -0.136332523D+01   0.362748999D+00  -0.311249962D-01  -0.123021113D-01   0.420160298D-02  -0.136909733D-03  -0.165137316D-03   0.280500582D-04
   0.190551467D+02   0.115681332D+01  -0.254763719D+00   0.923631198D-01  -0.253912086D-01   0.552726246D-02  -0.925801297D-03   0.106728934D-03  -0.605882888D-05  -0.914296470D-07
  -0.412113000D+02   0.707519411D+02  -0.296684059D+02   0.767845691D+01  -0.145540176D+01   0.224571476D+00  -0.345522853D-01   0.690340672D-02  -0.134559432D-02   0.137652670D-03
   0.389878978D+01   0.142833658D+02  -0.483746278D+01   0.990256138D+00  -0.146342199D+00   0.177127353D-01  -0.200724574D-02   0.227225198D-03  -0.207335487D-04   0.171414393D-05
   0.129439745D+02   0.638055827D+01  -0.256577285D+01   0.614662446D+00  -0.799160293D-01  -0.284795428D-02   0.728190893D-02  -0.323177492D-02   0.728361677D-03  -0.681018695D-04
   0.167848441D+02   0.256584823D+01  -0.107330225D+01   0.369294793D+00  -0.730876610D-01   0.238033793D-03   0.542406016D-02  -0.198587710D-02   0.366698273D-03  -0.308797738D-04
   0.185047364D+02   0.980078037D+00  -0.154514486D+00   0.558220224D-01  -0.157532195D-01   0.373840026D-02  -0.753551368D-03   0.123382164D-03  -0.146834697D-04   0.956864430D-06
  -0.167182327D+01   0.194246162D+02  -0.762795412D+01   0.191300407D+01  -0.319992355D+00   0.334608599D-01   0.244564128D-02  -0.366636097D-02   0.116699221D-02  -0.133246110D-03
   0.111336928D+02   0.461269238D+01  -0.125263545D+01   0.259884026D+00  -0.491038478D-01   0.793870123D-02  -0.122238707D-02   0.304213695D-03  -0.640332804D-04   0.440301050D-05
   0.143329471D+02   0.269625164D+01  -0.775030225D+00   0.170586181D+00  -0.406499415D-01   0.154716642D-01  -0.653690434D-02   0.232601717D-02  -0.557016343D-03   0.634385855D-04
   0.161851808D+02   0.158006230D+01  -0.425542023D+00   0.111165749D+00  -0.133236659D-01  -0.866731555D-03   0.231012013D-03   0.200842026D-03  -0.903889522D-04   0.126687701D-04
   0.173934029D+02   0.872349172D+00  -0.901166444D-01   0.295482972D-01  -0.714604533D-02   0.135020242D-02  -0.196619409D-03   0.197298137D-04  -0.900194494D-06  -0.322401276D-07
  -0.149985238D+01   0.193599633D+02  -0.754851516D+01   0.183769556D+01  -0.268874654D+00   0.425554417D-02   0.136700509D-01  -0.698886989D-02   0.153727837D-02  -0.679657936D-04
   0.112536382D+02   0.452976216D+01  -0.128770108D+01   0.224679471D+00  -0.338442420D-01   0.188224729D-02   0.380859731D-02  -0.205298988D-02   0.481026993D-03  -0.483354444D-04
   0.142919522D+02   0.240261185D+01  -0.802270146D+00   0.183802508D+00  -0.170074079D-01  -0.119059455D-02  -0.552625682D-03   0.645487818D-03  -0.188883958D-03   0.213369972D-04
   0.158954567D+02   0.131434182D+01  -0.346688921D+00   0.126858001D+00  -0.343876478D-01   0.696749643D-02  -0.934584211D-03   0.384641005D-04   0.126643502D-04  -0.210236209D-05
   0.169354855D+02   0.801346902D+00  -0.534034754D-01   0.177869335D-01  -0.450425291D-02   0.949534021D-03  -0.172925603D-03   0.265505299D-04  -0.308508421D-05   0.202558611D-06
  -0.263499902D+02   0.527395578D+02  -0.222899617D+02   0.576244498D+01  -0.107300353D+01   0.156378315D+00  -0.188317348D-01   0.193446925D-02  -0.163610614D-03   0.880053405D-05
   0.715489080D+01   0.104577132D+02  -0.358885095D+01   0.747190243D+00  -0.110425688D+00   0.120561745D-01  -0.693212522D-03  -0.942579244D-04   0.527455939D-04  -0.867293212D-05
   0.137451855D+02   0.467640418D+01  -0.190722331D+01   0.509269486D+00  -0.939732348D-01   0.175865474D-01  -0.395238527D-02   0.425986413D-03   0.100118562D-03  -0.282381762D-04
   0.165936674D+02   0.197729367D+01  -0.749537230D+00   0.279362284D+00  -0.717059617D-01   0.109569596D-01   0.149442543D-03  -0.585567521D-03   0.151067669D-03  -0.155789201D-04
   0.179899386D+02   0.892904596D+00  -0.104374297D+00   0.365728091D-01  -0.995441866D-02   0.228724961D-02  -0.452793102D-03   0.741972131D-04  -0.898702013D-05   0.603033467D-06
  -0.158816659D+02   0.395058348D+02  -0.167425073D+02   0.434703634D+01  -0.813917110D+00   0.119031571D+00  -0.142177336D-01   0.140977283D-02  -0.111622270D-03   0.568487977D-05
   0.919320901D+01   0.781603016D+01  -0.269026274D+01   0.567778382D+00  -0.884835793D-01   0.127333518D-01  -0.212422255D-02   0.528106203D-03  -0.111648777D-03   0.960656487D-05
   0.141261917D+02   0.352296120D+01  -0.141096609D+01   0.396757304D+00  -0.785880912D-01   0.173966372D-01  -0.626108164D-02   0.202712814D-02  -0.396571954D-03   0.351091936D-04
   0.163239922D+02   0.160212281D+01  -0.528723079D+00   0.202697660D+00  -0.576339063D-01   0.121681934D-01  -0.168129623D-02   0.691292723D-04   0.241090298D-04  -0.401146554D-05
   0.175170354D+02   0.839701171D+00  -0.745488385D-01   0.254818899D-01  -0.670938325D-02   0.148716959D-02  -0.285723584D-03   0.459940516D-04  -0.554050309D-05   0.373022806D-06
   0.220817575D+01   0.151499465D+02  -0.620533268D+01   0.154597079D+01  -0.276718477D+00   0.357324881D-01  -0.847888924D-03  -0.133767436D-02   0.484147567D-03  -0.699845818D-04
   0.119394571D+02   0.315627491D+01  -0.104302893D+01   0.224711829D+00  -0.303932141D-01   0.414274848D-02  -0.101062025D-02   0.161355378D-03   0.582605453D-05  -0.407384689D-05
   0.140129023D+02   0.157805488D+01  -0.492340793D+00   0.148443343D+00  -0.294030358D-01   0.268224682D-02   0.521266859D-03  -0.263207828D-03   0.497607205D-04  -0.414487045D-05
   0.151390297D+02   0.101390777D+01  -0.173542870D+00   0.632450132D-01  -0.179872582D-01   0.428219869D-02  -0.859330395D-03   0.138870448D-03  -0.161840956D-04   0.102640345D-05
   0.160138818D+02   0.753787677D+00  -0.281257042D-01   0.911029212D-02  -0.221046911D-02   0.440428715D-03  -0.755002709D-04   0.110215390D-04  -0.124058938D-05   0.803224196D-07
   0.466875929D+01   0.116169440D+02  -0.482126362D+01   0.124318275D+01  -0.252604428D+00   0.539921343D-01  -0.135618746D-01   0.361046548D-02  -0.714093009D-03   0.626807200D-04
   0.121140122D+02   0.241035322D+01  -0.777694041D+00   0.177680273D+00  -0.250381454D-01   0.307401159D-02  -0.993473166D-03   0.354777006D-03  -0.700167918D-04   0.597043366D-05
   0.137342700D+02   0.128360654D+01  -0.348907392D+00   0.108528408D+00  -0.243041086D-01   0.368136818D-02  -0.205697675D-03  -0.646698058D-04   0.194446107D-04  -0.197744599D-05
   0.146982666D+02   0.926732108D+00  -0.122940515D+00   0.436482818D-01  -0.120625423D-01   0.280944962D-02  -0.560429519D-03   0.918159745D-04  -0.110425514D-04   0.732389643D-06
   0.155251293D+02   0.739677542D+00  -0.207588555D-01   0.665274404D-02  -0.158579680D-02   0.307747409D-03  -0.510348333D-04   0.720172608D-05  -0.788222616D-06   0.500511152D-07
   0.635311928D+01   0.896822712D+01  -0.372977893D+01   0.950996596D+00  -0.176144302D+00   0.313674101D-01  -0.650071185D-02   0.194172483D-02  -0.599214087D-03   0.898692900D-04
   0.121089747D+02   0.187675649D+01  -0.574720659D+00   0.136979669D+00  -0.192357328D-01   0.989035680D-03   0.456610031D-04   0.504972103D-04  -0.226551711D-04   0.291051618D-05
   0.134104761D+02   0.108289824D+01  -0.248701777D+00   0.776508165D-01  -0.183170181D-01   0.332100651D-02  -0.420749430D-03   0.236470896D-04   0.269568411D-05  -0.521218480D-06
   0.142640724D+02   0.867578816D+00  -0.893711429D-01   0.309795690D-01  -0.830636740D-02   0.187731575D-02  -0.366548239D-03   0.595703511D-04  -0.719620268D-05   0.483531684D-06
   0.150581066D+02   0.729713711D+00  -0.156058388D-01   0.496156666D-02  -0.116664779D-02   0.221666507D-03  -0.357359920D-04   0.488902110D-05  -0.520594009D-06   0.323931188D-07
  -0.788735492D+01   0.279152610D+02  -0.112140914D+02   0.276024444D+01  -0.470571640D+00   0.695472847D-01  -0.153078202D-01   0.487924441D-02  -0.127732232D-02   0.158796831D-03
   0.102333607D+02   0.610673542D+01  -0.187711167D+01   0.377120690D+00  -0.595227360D-01   0.540505935D-02   0.183971780D-03   0.293351975D-03  -0.192322115D-03   0.306170213D-04
   0.142496649D+02   0.309490070D+01  -0.109540284D+01   0.265530739D+00  -0.472001788D-01   0.138254852D-01  -0.603192616D-02   0.180044322D-02  -0.295645696D-03   0.204214738D-04
   0.162494619D+02   0.155664789D+01  -0.482273335D+00   0.171081413D+00  -0.416879888D-01   0.599142248D-02   0.153983192D-03  -0.334072995D-03   0.836189110D-04  -0.852385421D-05
   0.174232570D+02   0.839508008D+00  -0.741575662D-01   0.251589198D-01  -0.653740758D-02   0.141950254D-02  -0.265278735D-03   0.413517451D-04  -0.481818351D-05   0.314226027D-06
  -0.715842328D+01   0.271401626D+02  -0.110795530D+02   0.280987352D+01  -0.488284938D+00   0.601565663D-01  -0.526424989D-02   0.576231183D-03  -0.247348988D-03   0.435320642D-04
   0.103918612D+02   0.587319925D+01  -0.179687218D+01   0.366466615D+00  -0.610862016D-01   0.693499522D-02  -0.583489055D-03   0.572870115D-03  -0.253598804D-03   0.366080902D-04
   0.142659296D+02   0.300315524D+01  -0.105000224D+01   0.253444535D+00  -0.460647810D-01   0.144135156D-01  -0.641327399D-02   0.192753497D-02  -0.321481531D-03   0.229528376D-04
   0.162159924D+02   0.153132376D+01  -0.466468469D+00   0.164707513D+00  -0.398581268D-01   0.563341998D-02   0.188416795D-03  -0.330231245D-03   0.817943929D-04  -0.831217464D-05
   0.173762793D+02   0.836104092D+00  -0.722672657D-01   0.244645163D-01  -0.633661084D-02   0.137031599D-02  -0.254984154D-03   0.395938112D-04  -0.459930287D-05   0.299276507D-06
  -0.265335131D+01   0.206455076D+02  -0.816014316D+01   0.213111044D+01  -0.404944671D+00   0.611563211D-01  -0.919142798D-02   0.204481095D-02  -0.532850731D-03   0.649249222D-04
   0.109471792D+02   0.492033295D+01  -0.135167816D+01   0.276973406D+00  -0.598079482D-01   0.137613966D-01  -0.475976333D-02   0.204192036D-02  -0.533366233D-03   0.585371175D-04
   0.143140778D+02   0.277876867D+01  -0.870499463D+00   0.181616462D+00  -0.328323652D-01   0.146755005D-01  -0.680584169D-02   0.184224189D-02  -0.262319464D-03   0.145430941D-04
   0.161677720D+02   0.152195438D+01  -0.443964013D+00   0.144199599D+00  -0.281496350D-01   0.871473530D-03   0.161190913D-02  -0.635623323D-03   0.124727456D-03  -0.113390793D-04
   0.173277498D+02   0.840507705D+00  -0.744101306D-01   0.250609053D-01  -0.642556200D-02   0.136504397D-02  -0.247251168D-03   0.370646414D-04  -0.413369988D-05   0.257649475D-06
  -0.248805473D+01   0.205911567D+02  -0.817174092D+01   0.212128482D+01  -0.400092245D+00   0.583633105D-01  -0.778951223D-02   0.149332824D-02  -0.366258780D-03   0.444628531D-04
   0.110343484D+02   0.482448210D+01  -0.135899320D+01   0.275636131D+00  -0.536102449D-01   0.110188437D-01  -0.340527965D-02   0.131049316D-02  -0.307387829D-03   0.296437360D-04
   0.143142799D+02   0.267814269D+01  -0.847091467D+00   0.187016734D+00  -0.355277448D-01   0.135473475D-01  -0.560687619D-02   0.139651896D-02  -0.174261920D-03   0.655043655D-05
   0.161057505D+02   0.147583887D+01  -0.417819263D+00   0.135743061D+00  -0.269524324D-01   0.123279663D-02   0.132071659D-02  -0.539179273D-03   0.106402426D-03  -0.967048570D-05
   0.172404355D+02   0.833547931D+00  -0.705620195D-01   0.236590387D-01  -0.602591095D-02   0.126921032D-02  -0.227752112D-03   0.338458313D-04  -0.374772923D-05   0.232305656D-06
  -0.896664479D+01   0.296229246D+02  -0.122511561D+02   0.318820458D+01  -0.602758611D+00   0.947174040D-01  -0.148154036D-01   0.266386590D-02  -0.521375432D-03   0.597978633D-04
   0.101028949D+02   0.629872011D+01  -0.196427958D+01   0.406515864D+00  -0.665939165D-01   0.821967334D-02  -0.103161926D-02   0.473882187D-03  -0.155928240D-03   0.191989309D-04
   0.142399445D+02   0.317155917D+01  -0.111316062D+01   0.268327806D+00  -0.479855801D-01   0.123083809D-01  -0.421669192D-02   0.946102359D-03  -0.918839532D-04  -0.584400404D-06
   0.162916733D+02   0.159664860D+01  -0.497161367D+00   0.170336406D+00  -0.381705901D-01   0.397062266D-02   0.843408093D-03  -0.488662278D-03   0.105051002D-03  -0.993041484D-05
   0.174896611D+02   0.848373037D+00  -0.788948353D-01   0.267799815D-01  -0.695300916D-02   0.150375986D-02  -0.278544482D-03   0.428106738D-04  -0.489849979D-05   0.313075753D-06
  -0.174784899D+01   0.198658956D+02  -0.776786163D+01   0.191867182D+01  -0.318960540D+00   0.952502558D-02   0.184817078D-01  -0.925452621D-02   0.261382381D-02  -0.343688495D-03
   0.112775773D+02   0.454940912D+01  -0.139361385D+01   0.253062640D+00  -0.344322269D-01   0.675994659D-02  -0.129225782D-02   0.105898299D-03  -0.211235419D-05   0.100751066D-05
   0.142691105D+02   0.228219285D+01  -0.790461912D+00   0.204310823D+00  -0.268004906D-01  -0.704815986D-03   0.663198970D-03   0.747645225D-04  -0.661110985D-04   0.984569586D-05
   0.157933610D+02   0.124798686D+01  -0.310560426D+00   0.115500784D+00  -0.326763039D-01   0.730853217D-02  -0.124989926D-02   0.145320312D-03  -0.797650125D-05  -0.188171892D-06
   0.167963909D+02   0.790335366D+00  -0.475142406D-01   0.157484170D-01  -0.396091808D-02   0.828573349D-03  -0.149950014D-03   0.229614757D-04  -0.267174947D-05   0.176173955D-06
  -0.322419671D+01   0.228738216D+02  -0.965012299D+01   0.248452009D+01  -0.458136280D+00   0.652283307D-01  -0.742352448D-02   0.686100032D-03  -0.494342164D-04   0.587954372D-05
   0.113187969D+02   0.454313047D+01  -0.154476599D+01   0.321461093D+00  -0.408771988D-01   0.239799660D-02   0.112459405D-02  -0.651342766D-03   0.149649561D-03  -0.132391257D-04
   0.142346312D+02   0.212080509D+01  -0.753969215D+00   0.216991992D+00  -0.364053442D-01   0.864995329D-03   0.133581332D-02  -0.361878929D-03   0.401109333D-04  -0.102782720D-05
   0.156586739D+02   0.117337955D+01  -0.268990600D+00   0.101389369D+00  -0.297297835D-01   0.716865999D-02  -0.141303740D-02   0.215800572D-03  -0.227393171D-04   0.123758593D-05
   0.166203063D+02   0.778103978D+00  -0.410131947D-01   0.135189045D-01  -0.337341109D-02   0.699148911D-03  -0.125505089D-03   0.191361465D-04  -0.222723155D-05   0.147391745D-06
  -0.517156037D+02   0.843561298D+02  -0.362096362D+02   0.996695962D+01  -0.221958970D+01   0.488492842D+00  -0.119173464D+00   0.283341856D-01  -0.498746516D-02   0.448783393D-03
   0.176432583D+01   0.167303080D+02  -0.567954768D+01   0.117036749D+01  -0.176054175D+00   0.221801061D-01  -0.268835793D-02   0.327098878D-03  -0.343339393D-04   0.259803231D-05
   0.123453432D+02   0.747727762D+01  -0.303174126D+01   0.739969538D+00  -0.113518464D+00   0.836329262D-02   0.273220498D-02  -0.131130985D-02   0.168829450D-03   0.575107057D-05
   0.168190598D+02   0.293104819D+01  -0.126884690D+01   0.419736868D+00  -0.727596285D-01  -0.500833128D-02   0.729721513D-02  -0.223598162D-02   0.349947891D-03  -0.235653731D-04
   0.187408872D+02   0.103528208D+01  -0.186918297D+00   0.685413253D-01  -0.196436610D-01   0.471037998D-02  -0.949817493D-03   0.153728181D-03  -0.178860613D-04   0.112948108D-05
  -0.462768081D+02   0.774276141D+02  -0.329100565D+02   0.879350173D+01  -0.180744221D+01   0.335779740D+00  -0.671365127D-01   0.147781312D-01  -0.271878470D-02   0.266974253D-03
   0.291325114D+01   0.154396583D+02  -0.524851960D+01   0.108085769D+01  -0.161034317D+00   0.196636691D-01  -0.227073654D-02   0.274908388D-03  -0.309016636D-04   0.279924542D-05
   0.126787083D+02   0.687867085D+01  -0.277844640D+01   0.669952109D+00  -0.926674806D-01   0.391243520D-03   0.616406122D-02  -0.268295978D-02   0.537312602D-03  -0.396318346D-04
   0.168061127D+02   0.272892614D+01  -0.116129154D+01   0.392248563D+00  -0.727742958D-01  -0.248800118D-02   0.652170715D-02  -0.219822591D-02   0.381862162D-03  -0.300058869D-04
   0.186159906D+02   0.100446097D+01  -0.168786211D+00   0.614116712D-01  -0.174638260D-01   0.416816199D-02  -0.841443069D-03   0.137278988D-03  -0.162037767D-04   0.104362502D-05
  -0.417078863D+02   0.716899724D+02  -0.303092957D+02   0.796169035D+01  -0.155633174D+01   0.251552428D+00  -0.380278619D-01   0.651921646D-02  -0.117682755D-02   0.128908996D-03
   0.388554145D+01   0.143309489D+02  -0.487787840D+01   0.100458117D+01  -0.148536122D+00   0.175213967D-01  -0.183529686D-02   0.188797674D-03  -0.167766530D-04   0.161817543D-05
   0.129482815D+02   0.637459615D+01  -0.257039226D+01   0.619078890D+00  -0.814959029D-01  -0.257698719D-02   0.731792014D-02  -0.328026443D-02   0.745433852D-03  -0.704657110D-04
   0.167832362D+02   0.255899253D+01  -0.107062527D+01   0.369426282D+00  -0.737312222D-01   0.587934411D-03   0.532032659D-02  -0.196883621D-02   0.365765707D-03  -0.309776534D-04
   0.184990612D+02   0.978710009D+00  -0.153733123D+00   0.555280188D-01  -0.156685157D-01   0.371890491D-02  -0.750049041D-03   0.122931718D-03  -0.146498319D-04   0.956219087D-06
  -0.394238638D+02   0.706973324D+02  -0.324790438D+02   0.107542606D+02  -0.351126277D+01   0.124141695D+01  -0.417104992D+00   0.113342827D+00  -0.213396001D-01   0.207866136D-02
   0.469507961D+01   0.134012919D+02  -0.457368713D+01   0.945665399D+00  -0.140186709D+00   0.163190930D-01  -0.156758676D-02   0.118691639D-03  -0.100511496D-05  -0.186248913D-06
   0.131637030D+02   0.595473432D+01  -0.240324935D+01   0.585242122D+00  -0.787016368D-01  -0.127188234D-02   0.649330376D-02  -0.316235685D-02   0.788893215D-03  -0.837925922D-04
   0.167541270D+02   0.241581366D+01  -0.993609912D+00   0.349686812D+00  -0.745943398D-01   0.350793515D-02   0.405839057D-02  -0.167379062D-02   0.328399892D-03  -0.292006791D-04
   0.183908485D+02   0.957179457D+00  -0.141225137D+00   0.506707293D-01  -0.141919469D-01   0.334857749D-02  -0.673890225D-03   0.110715022D-03  -0.132793090D-04   0.874899963D-06
  -0.351890669D+02   0.644220120D+02  -0.282859904D+02   0.828609367D+01  -0.214905830D+01   0.592321273D+00  -0.168265527D+00   0.416084430D-01  -0.742451552D-02   0.700776758D-03
   0.542401411D+01   0.125456372D+02  -0.428638410D+01   0.886478401D+00  -0.130540398D+00   0.146183572D-01  -0.116037689D-02   0.158265482D-04   0.214899130D-04  -0.291433781D-05
   0.133470563D+02   0.558031592D+01  -0.225728304D+01   0.560406891D+00  -0.807528234D-01   0.271414022D-02   0.432719919D-02  -0.252004621D-02   0.702012251D-03  -0.821093532D-04
   0.167193883D+02   0.228749077D+01  -0.923619624D+00   0.330916342D+00  -0.748667625D-01   0.608090158D-02   0.285098075D-02  -0.136273620D-02   0.282171698D-03  -0.260951574D-04
   0.182854341D+02   0.938102003D+00  -0.130206149D+00   0.464185817D-01  -0.129048004D-01   0.302551738D-02  -0.606930296D-03   0.997992091D-04  -0.120231232D-04   0.797616920D-06
  -0.318829126D+02   0.599273475D+02  -0.258230490D+02   0.715308648D+01  -0.162573771D+01   0.366258219D+00  -0.862528553D-01   0.187349868D-01  -0.307364638D-02   0.274744764D-03
   0.605106459D+01   0.117963130D+02  -0.403268553D+01   0.834129648D+00  -0.122316182D+00   0.133298679D-01  -0.874462429D-03  -0.580846466D-04   0.396187881D-04  -0.548965587D-05
   0.134969093D+02   0.525822859D+01  -0.213261842D+01   0.541608351D+00  -0.849606015D-01   0.772612687D-02   0.160348398D-02  -0.161172794D-02   0.535343662D-03  -0.697150683D-04
   0.166820904D+02   0.217709345D+01  -0.862420732D+00   0.313574706D+00  -0.744064292D-01   0.807929637D-02   0.182950204D-02  -0.108162945D-02   0.236825549D-03  -0.226542445D-04
   0.181875572D+02   0.921898231D+00  -0.120897095D+00   0.428480567D-01  -0.118288478D-01   0.275555203D-02  -0.550658392D-03   0.905119030D-04  -0.109336426D-04   0.728820726D-06
  -0.330597517D+01   0.230100921D+02  -0.973468561D+01   0.251856398D+01  -0.467988812D+00   0.672717616D-01  -0.769639104D-02   0.698964170D-03  -0.471019309D-04   0.552272498D-05
   0.113118954D+02   0.455643072D+01  -0.155061433D+01   0.323119450D+00  -0.412529660D-01   0.245992195D-02   0.112152421D-02  -0.651886634D-03   0.149430622D-03  -0.131588276D-04
   0.142354260D+02   0.212521713D+01  -0.756240071D+00   0.217673916D+00  -0.365271555D-01   0.876365355D-03   0.133384193D-02  -0.360487282D-03   0.396487389D-04  -0.968070676D-06
   0.156618446D+02   0.117457875D+01  -0.269730828D+00   0.101696945D+00  -0.298286063D-01   0.719405336D-02  -0.141815159D-02   0.216557461D-03  -0.228110302D-04   0.124062252D-05
   0.166241223D+02   0.778276834D+00  -0.411058597D-01   0.135512090D-01  -0.338216955D-02   0.701164098D-03  -0.125908172D-03   0.192035329D-04  -0.223561918D-05   0.147972336D-06
  -0.388861068D+01   0.221427764D+02  -0.840722243D+01   0.201096805D+01  -0.298126089D+00  -0.397507891D-01   0.611927506D-01  -0.280345118D-01   0.662393256D-02  -0.667184680D-03
   0.107879414D+02   0.528034936D+01  -0.154411347D+01   0.261316415D+00  -0.274017989D-01  -0.246342994D-02   0.389074216D-02  -0.147437120D-02   0.275913322D-03  -0.227399285D-04
   0.142874933D+02   0.272245115D+01  -0.955231817D+00   0.231039290D+00  -0.315100757D-01   0.460744059D-02  -0.270006856D-02   0.118609501D-02  -0.266514630D-03   0.258639430D-04
   0.160677012D+02   0.141240796D+01  -0.404634431D+00   0.148426791D+00  -0.397883553D-01   0.769518028D-02  -0.867743351D-03  -0.233670807D-04   0.274709446D-04  -0.360055233D-05
   0.171610705D+02   0.815928558D+00  -0.613222619D-01   0.205982830D-01  -0.528188177D-02   0.113103100D-02  -0.209263020D-03   0.325364388D-04  -0.381031472D-05   0.251091093D-06
  -0.202945221D+01   0.896904561D+01   0.106750159D+02  -0.168651644D+02   0.139549466D+02  -0.840914106D+01   0.395951779D+01  -0.139870247D+01   0.346449627D+00  -0.461101316D-01
   0.129093246D+02  -0.464668944D+01   0.140049349D+02  -0.146341878D+02   0.116690361D+02  -0.767511777D+01   0.396255471D+01  -0.148719881D+01   0.361297004D+00  -0.431310882D-01
   0.136859387D+02   0.476785720D+01  -0.137757977D+01   0.526446165D-01   0.117324296D+00  -0.584069307D-01   0.202905588D-01  -0.575548071D-02   0.111596261D-02  -0.105288909D-03
   0.167645772D+02   0.236082821D+01  -0.902156094D+00   0.273634231D+00  -0.338404502D-01  -0.117030995D-01   0.801589782D-02  -0.234374337D-02   0.388022868D-03  -0.301037439D-04
   0.183877807D+02   0.968670503D+00  -0.147064818D+00   0.523906619D-01  -0.144611056D-01   0.332618321D-02  -0.644200358D-03   0.100566230D-03  -0.113333094D-04   0.695251895D-06
  -0.124666318D+01   0.190893311D+02  -0.739565013D+01   0.180830922D+01  -0.322154689D+00   0.479728062D-01  -0.593839045D-02  -0.446454204D-03   0.267624405D-03   0.979998303D-05
   0.113235133D+02   0.444035130D+01  -0.131058746D+01   0.236309978D+00  -0.321239826D-01   0.219974205D-02   0.202873224D-02  -0.106471866D-02   0.226266556D-03  -0.198899626D-04
   0.142782822D+02   0.230411469D+01  -0.774599558D+00   0.188421481D+00  -0.225851139D-01   0.336812987D-03  -0.544696331D-03   0.524203360D-03  -0.154540316D-03   0.177352620D-04
   0.158225982D+02   0.127339824D+01  -0.322900164D+00   0.118233899D+00  -0.323405468D-01   0.674844140D-02  -0.990433457D-03   0.715477802D-04   0.515346787D-05  -0.134945425D-05
   0.168402263D+02   0.795079279D+00  -0.500233453D-01   0.165997611D-01  -0.418051349D-02   0.875141335D-03  -0.158238239D-03   0.241564307D-04  -0.279705044D-05   0.183366879D-06
